frame_id,timestamp,gait_type,root_position_x,root_position_y,root_position_z,root_orientation_x,root_orientation_y,root_orientation_z,root_linear_velocity_x,root_linear_velocity_y,root_linear_velocity_z,root_angular_velocity_x,root_angular_velocity_y,root_angular_velocity_z,left_linear_velocity_x,left_linear_velocity_y,left_linear_velocity_z,right_linear_velocity_x,right_linear_velocity_y,right_linear_velocity_z,left_pos_rel_x,left_pos_rel_y,left_pos_rel_z,right_pos_rel_x,right_pos_rel_y,right_pos_rel_z,step_length,step_width,step_height,left_contact_prob,right_contact_prob,support_type,max_foot_height
1,0.004167,stand,1.598439,-1.181017,0.935942,0.019453,0.00709,-0.601057,0.05663546916244372,-0.008639308855273574,0.005999520038409589,-0.08097961325559552,0.04458724619357417,0.06491599841829306,-0.0052795776337812555,0.0011999040076872466,0.0011999040076793369,0.00047996160303226946,0.00047996160303226946,0.0011999040076793369,-0.15117999999999987,0.06864599999999998,-0.925203,0.17531399999999997,-0.02908400000000011,-0.9231410000000001,0.32649399999999984,0.0977300000000001,0.0020619999999998972,0.9907573634043045,0.9770823587527304,double,-0.9231410000000001
2,0.008333,stand,1.598728,-1.181056,0.935966,0.019612,0.006828,-0.601244,0.06937109937589622,-0.009361497839683694,0.005760921747458708,-0.1385483083890558,0.05587353883988377,0.10971071548702446,-0.0048007681229311145,0.00048007681230377125,0.0009601536245800601,-0.00024003840612523602,-0.0007201152184290073,-0.0007201152184348369,-0.15148899999999998,0.06868700000000016,-0.925223,0.17502400000000007,-0.029047999999999963,-0.923168,0.32651300000000005,0.09773500000000013,0.002055000000000029,0.9918011275675898,0.9777061614084235,double,-0.923168
3,0.0125,stand,1.59905,-1.181073,0.93598,0.019778,0.00671,-0.601472,0.07727381809458975,-0.004079673626094008,0.003359731221518961,-0.10008913910032824,-0.0010904434902896745,0.1362588915499742,-0.0045596352291795645,-0.0007199424046016905,0.0002399808015357008,0.0011999040076872464,0.0007199424046016905,0.0007199424046075187,-0.15183000000000013,0.06870100000000012,-0.9252360000000001,0.17470699999999995,-0.029028000000000054,-0.9231790000000001,0.3265370000000001,0.09772900000000018,0.0020569999999999755,0.9922960722005256,0.976807234411521,double,-0.9231790000000001
4,0.016667,stand,1.599366,-1.181086,0.935991,0.019999,0.006574,-0.60166,0.07583393328533307,-0.0031197504199761833,0.0026397888168906273,-0.12596325323787197,-0.010354810094091602,0.112206808729555,-0.005999520038382945,0.00023998080151613468,-0.0002399808015357008,0.00023998080151613468,-0.0021598272138050713,0.0009599232061436358,-0.15217100000000006,0.06871500000000008,-0.9252480000000001,0.17439199999999988,-0.02902399999999994,-0.9231860000000001,0.32656299999999994,0.09773900000000002,0.0020620000000000083,0.9899848139944659,0.9754205187838829,double,-0.9231860000000001
5,0.020833,stand,1.599676,-1.181096,0.936001,0.020188,0.006486,-0.60185,0.0744119059049526,-0.0024003840614122583,0.002400384061438908,-0.09987838591130194,-0.019498075084836322,0.11385106540664666,-0.0028804608737160297,0.0,0.0004800768122896138,0.0002400384061785353,-0.00048007681230377136,-0.0009601536245800604,-0.152493,0.06872499999999993,-0.925256,0.174083,-0.029016000000000153,-0.9232,0.326576,0.09774100000000008,0.0020559999999999468,0.9951330112576018,0.9776066763902176,double,-0.9232
6,0.025,stand,1.599989,-1.181102,0.936003,0.020362,0.00639,-0.602037,0.07511399088073138,-0.0014398848092566675,0.00047996160308555583,-0.09638912566803143,-0.012117934780591647,0.11206570282490305,-0.006959443244554057,-0.001439884809203381,-0.0009599232061432195,0.001439884809203381,-0.0016798656107195158,-0.0016798656107511545,-0.15283500000000005,0.06872500000000015,-0.925262,0.17377599999999993,-0.02901699999999985,-0.9232090000000001,0.326611,0.097742,0.0020529999999999715,0.9880477139448793,0.9748400356360751,double,-0.9232090000000001
7,0.029167,stand,1.600313,-1.181104,0.935992,0.020549,0.006353,-0.602204,0.07775377969762208,-0.0004799616030322698,-0.0026397888168906295,-0.08412296603493163,-0.03862961867607168,0.10089520194125787,-0.0033597312214923205,0.0011999040076872472,0.0028797696184304934,0.0004799616030855562,-0.0007199424046016911,0.002159827213822974,-0.153173,0.06873200000000002,-0.925239,0.173454,-0.029017999999999988,-0.923189,0.326627,0.09775,0.0020499999999999963,0.9923586220404284,0.9756221663407578,double,-0.923189
8,0.033333,stand,1.600645,-1.181112,0.935986,0.020823,0.006182,-0.602387,0.07969275084013411,-0.0019203072491617847,-0.0014402304368846632,-0.15639225263754714,-0.012333840953941745,0.10922058724137552,-0.0043206913106273405,0.0014402304368580138,0.0014402304368696728,0.0,-0.0024003840614655555,0.00024003840614480668,-0.15352300000000008,0.06874599999999997,-0.925227,0.173122,-0.029020000000000046,-0.923182,0.3266450000000001,0.09776600000000002,0.0020450000000000745,0.992038826715401,0.9755294064565586,double,-0.923182
9,0.0375,stand,1.600986,-1.181149,0.935995,0.021128,0.006133,-0.602575,0.08183345332371608,-0.008879289656843,0.0021598272138317167,-0.13301841670423278,-0.0679803220476704,0.11368209119407159,-0.007439404847639618,-0.0021598272138050735,-0.0007199424046075193,0.0019198464122889385,-0.0009599232061711124,-0.0004799616030718183,-0.15389500000000012,0.06877400000000011,-0.925239,0.17278900000000008,-0.028987000000000096,-0.923193,0.3266840000000002,0.09776100000000021,0.0020459999999999923,0.9870333852671853,0.975874232705396,double,-0.923193
10,0.041667,stand,1.601251,-1.181167,0.936025,0.020947,0.005687,-0.60282,0.0635949124069977,-0.0043196544276634255,0.007199424046070185,-0.0622012515136388,0.22508154155029347,0.141009697558754,-0.00527957763378125,0.0007199424046016899,0.0,0.0,-0.0014398848092033799,0.001199904007679752,-0.15418200000000004,0.06879500000000016,-0.925269,0.17252400000000012,-0.028974999999999973,-0.923218,0.32670600000000016,0.09777000000000013,0.002051000000000025,0.991119269134014,0.9763661500376491,double,-0.923218
11,0.045833,stand,1.601577,-1.181181,0.936025,0.021113,0.005644,-0.602979,0.07825252040327624,-0.003360537686019804,0.0,-0.07768674069736507,-0.030315260997897515,0.09588112849943545,-0.005280844935181592,0.00024003840612523626,0.0012001920307248683,0.0,-0.0016802688429832524,0.0012001920307248683,-0.15453000000000006,0.06881000000000004,-0.925264,0.17219800000000007,-0.028967999999999883,-0.923213,0.32672800000000013,0.09777799999999992,0.002051000000000025,0.9909652826127235,0.9760485192563069,double,-0.923213
12,0.05,stand,1.60192,-1.181172,0.936026,0.021172,0.00553,-0.603238,0.08231341492680151,0.0021598272138050696,0.0002399808015427777,-0.058272451555489005,0.02864930846021326,0.15483010390528495,-0.00599952003838294,0.0004799616030855554,0.00191984641228727,0.002399808015321204,-0.0016798656107728006,-0.0002399808015361169,-0.15489799999999998,0.06880300000000017,-0.925257,0.17186499999999993,-0.0289839999999999,-0.923215,0.3267629999999999,0.09778700000000007,0.0020419999999999883,0.9894708850643446,0.974681412401472,double,-0.923215
13,0.054167,stand,1.602241,-1.181165,0.93606,0.021186,0.005374,-0.603441,0.07703383729302038,0.0016798656107728034,0.008159347252214667,-0.05261756288329,0.057297439235361146,0.12035476590391914,-0.004319654427663433,0.0007199424046016911,0.0009599232061432203,0.0007199424046016911,0.0004799616030855562,0.0014398848092154548,-0.15523700000000007,0.06879900000000005,-0.925287,0.1715469999999999,-0.02898899999999993,-0.923243,0.32678399999999996,0.09778799999999999,0.0020439999999999348,0.9925279810845788,0.9767602239820787,double,-0.923243
14,0.058333,stand,1.602551,-1.181156,0.936083,0.021196,0.005308,-0.603647,0.07441190590495253,0.0021603456552870205,0.005520883341333468,-0.025064934195048186,0.024052185043842385,0.1233264938504506,-0.005280844935181583,-0.000960153624607542,0.00048007681229002974,0.0,-0.0019203072491617847,0.0007201152184348364,-0.15556900000000007,0.06878600000000001,-0.925308,0.17123699999999986,-0.029005999999999865,-0.923263,0.32680599999999993,0.09779199999999988,0.0020450000000000745,0.9910185852453868,0.9761318515981257,double,-0.923263
15,0.0625,stand,1.602871,-1.181117,0.936077,0.021353,0.005319,-0.603839,0.07679385649145096,0.009359251259928557,-0.0014398848092033823,-0.05888166817778443,-0.04812367572602063,0.11661232439484906,-0.007439404847586332,-0.0011999040076339609,0.0004799616030718183,0.00215982721385836,-0.0011999040076872472,-0.0004799616030718183,-0.15591999999999984,0.06874200000000008,-0.9253,0.17092600000000013,-0.02905000000000002,-0.923259,0.32684599999999997,0.0977920000000001,0.0020409999999999595,0.9874153005979649,0.9753951001992465,double,-0.923259
16,0.066667,walk,1.603212,-1.18109,0.936065,0.021558,0.005214,-0.604094,0.08183345332376923,0.006479481641468495,-0.002879769618433403,-0.11151039536222017,-0.017149487561976765,0.15330568681666162,-0.006239500839952361,0.0,0.0007199424046075181,0.0007199424046016899,-0.0021598272138050696,0.0002399808015361169,-0.15628700000000006,0.06871500000000008,-0.925285,0.17058799999999996,-0.029085999999999945,-0.923246,0.326875,0.09780100000000003,0.002039000000000013,0.9895318355904785,0.9757945484304889,double,-0.923246
17,0.070833,walk,1.603565,-1.18107,0.936084,0.021816,0.005223,-0.604348,0.08473355736913744,0.004800768122877828,0.004560729716752592,-0.09876289205205883,-0.07613676476134833,0.1545872682642197,-0.004320691310627354,-0.00048007681230377255,0.00024003840614522388,0.0007201152184290093,-0.0026404224675908,-0.0007201152184352552,-0.15665799999999996,0.06869300000000012,-0.925303,0.1702380000000001,-0.029116999999999837,-0.923268,0.3268960000000001,0.09780999999999995,0.002035000000000009,0.9927434961004575,0.974933314881369,double,-0.923268
18,0.075,walk,1.603949,-1.181049,0.936087,0.02194,0.005148,-0.604651,0.0921526277898156,0.005039596832265116,0.0007199424046016899,-0.07234178592250011,-0.0047085875742800135,0.1820184216320573,-0.005519558435297385,0.0007199424046016899,0.001679865610751153,0.0011999040076872453,-0.0004799616030855554,0.001199904007679752,-0.157065,0.06867500000000004,-0.925299,0.16985899999999998,-0.029139999999999944,-0.923266,0.326924,0.09781499999999999,0.0020329999999999515,0.9903095420850099,0.9767308474408494,double,-0.923266
19,0.079167,walk,1.604348,-1.18101,0.936092,0.022136,0.005051,-0.604989,0.09575233981282405,0.009359251259928541,0.0011999040076872453,-0.10664224514081787,-0.016902309012825554,0.20368966814150086,-0.00839932805375743,0.0,0.0,0.0011999040076872453,-0.0009599232061711108,-0.0007199424046079344,-0.15749900000000006,0.06863599999999992,-0.925304,0.16946499999999998,-0.02918300000000018,-0.923274,0.32696400000000003,0.0978190000000001,0.0020299999999999763,0.9860011199104043,0.9768717991312879,double,-0.923274
20,0.083333,walk,1.604731,-1.180993,0.936095,0.022337,0.005005,-0.605253,0.09193470955348053,0.0040806529044488055,0.0007201152184290069,-0.0929913065092232,-0.038496175750229206,0.15972850687069368,-0.005760921747485354,-0.0021603456552870205,0.00024003840614480668,0.0016802688429832496,-0.0014402304368580138,-0.0009601536245796432,-0.15790599999999988,0.06861000000000006,-0.925306,0.16908900000000004,-0.029206000000000065,-0.923281,0.3269949999999999,0.09781600000000013,0.0020249999999999435,0.9897377537699001,0.9757294064566335,double,-0.923281
21,0.0875,walk,1.605131,-1.18098,0.936103,0.022558,0.004832,-0.605525,0.09599232061439379,0.003119750419976191,0.0019198464122889415,-0.13759476287203504,0.00427429039609594,0.16336942734230622,-0.0055195584353506895,0.0009599232061178276,0.0016798656107511586,-0.000479961603085557,-0.0011999040076872494,0.0007199424046075204,-0.15832900000000016,0.06860099999999991,-0.925307,0.1686869999999998,-0.02922400000000014,-0.923286,0.327016,0.09782500000000005,0.0020209999999999395,0.9902519337597029,0.9773244316442629,double,-0.923286
22,0.091667,walk,1.605528,-1.180975,0.936102,0.022749,0.00468,-0.605757,0.0952723782097385,0.001199904007633959,-0.0002399808015427777,-0.11958730431644075,0.004618697863714662,0.13880336173809954,-0.006959443244500764,0.0,-0.0002399808015357006,0.0019198464122889352,-0.0016798656107195142,-0.0004799616030718175,-0.15875499999999998,0.0685960000000001,-0.925307,0.16829799999999984,-0.029235999999999818,-0.923287,0.3270529999999998,0.09783199999999992,0.0020200000000000218,0.9883940339745105,0.975473684574709,double,-0.923287
23,0.095833,walk,1.605939,-1.180978,0.936106,0.022925,0.004635,-0.605968,0.09865578492557342,-0.0007201152184290069,0.0009601536245808924,-0.08257205265033042,-0.03206964311519554,0.12794952114865188,-0.004560729716752576,-0.0007201152184290069,0.0007201152184348364,0.002640422467644091,-0.0002400384061785351,0.0,-0.1591849999999999,0.0685960000000001,-0.925308,0.1678980000000001,-0.029233999999999982,-0.923291,0.327083,0.09783000000000008,0.0020170000000000465,0.9922115849200195,0.9754111485768105,double,-0.923291
24,0.1,walk,1.606353,-1.180994,0.936102,0.023181,0.004477,-0.60619,0.0993520518358325,-0.0038396928245778704,-0.0009599232061444676,-0.1460830121658503,-0.012105264265406706,0.1336040122096727,-0.005279577633834537,0.0,-0.001679865610751153,-0.00023998080156942094,-0.002639788816890625,0.0007199424046075181,-0.159621,0.06861200000000012,-0.925311,0.16748300000000005,-0.02922899999999995,-0.923284,0.32710400000000006,0.09784100000000007,0.002027000000000001,0.9907660216137069,0.9751521569705401,double,-0.923284
25,0.104167,walk,1.6068,-1.181015,0.936098,0.023356,0.004341,-0.606477,0.10727141828655802,-0.005039596832211846,-0.0009599232061444707,-0.10943880969377631,0.003689518981563125,0.17249844627823321,-0.00599952003838296,0.00023998080151613527,0.0,0.0007199424046016923,-0.0009599232061178276,0.0004799616030718191,-0.16009300000000004,0.06863399999999986,-0.925307,0.16703899999999994,-0.029212000000000016,-0.9232779999999999,0.327132,0.09784599999999988,0.0020290000000000585,0.9899928037731653,0.9775561063886724,double,-0.9232779999999999
26,0.108333,walk,1.607245,-1.181031,0.936086,0.023613,0.004208,-0.60675,0.10681709073452433,-0.0038406144983235695,-0.002880460873742677,-0.139758890339835,-0.02146927210154164,0.1647317310023568,-0.006961113778218132,0.0,-0.0007201152184348364,0.0019203072491617847,-0.0016802688430365487,0.00048007681229002974,-0.16056700000000013,0.06864999999999988,-0.925298,0.16660199999999992,-0.02920300000000009,-0.923264,0.32716900000000004,0.09785299999999997,0.0020339999999999803,0.9883362300070879,0.9753326460927924,double,-0.923264
27,0.1125,walk,1.607687,-1.181053,0.936071,0.023884,0.004104,-0.606952,0.10607151427887042,-0.00527957763378125,-0.0035997120230350926,-0.13587480785381148,-0.03729775824348606,0.12248264322514564,-0.00455963522917956,0.0009599232061711108,-0.000959923206143635,0.0004799616030855554,-0.0011999040076872453,-0.0019198464122868538,-0.16102800000000017,0.06867599999999996,-0.925287,0.16616199999999992,-0.029186000000000156,-0.923257,0.3271900000000001,0.09786200000000012,0.0020299999999999763,0.9920709432838917,0.9758428482677302,double,-0.923257
28,0.116667,walk,1.608132,-1.181078,0.936039,0.024163,0.003942,-0.607155,0.10679145668341883,-0.005999520038436227,-0.007679385649155741,-0.15583460887804357,-0.0175053195164013,0.12247462513824695,-0.0035997120230084494,-0.0004799616030855554,0.0019198464122868538,0.0019198464122889352,-0.0007199424046016899,0.0009599232061432187,-0.16148799999999985,0.06869900000000007,-0.9252469999999999,0.16572500000000012,-0.029163999999999968,-0.923221,0.327213,0.09786300000000003,0.0020259999999999723,0.9931536506005434,0.9759667094104252,double,-0.923221
29,0.120833,walk,1.608612,-1.18109,0.936023,0.02437,0.003816,-0.607331,0.11521843494960086,-0.002880460873716037,-0.0038406144982969324,-0.11760863766284357,-0.010518637416233904,0.10605925657284138,-0.006721075372092918,0.0009601536246075451,-0.0009601536245796463,0.0009601536245542459,-0.0009601536245542459,-0.0002400384061448075,-0.16199600000000003,0.06871500000000008,-0.925235,0.16524899999999998,-0.02915599999999996,-0.9232060000000001,0.327245,0.09787100000000004,0.0020289999999999475,0.9885718860160331,0.9774118072306014,double,-0.9232060000000001
30,0.125,walk,1.609106,-1.181112,0.936014,0.024619,0.003622,-0.607529,0.11855051595872185,-0.00527957763378125,-0.0021598272138317128,-0.15365997233234877,0.0033816723200734587,0.11879304363377292,-0.004079673626094005,0.0,-0.005279577633789576,0.0011999040076872453,-0.0016798656107728006,-0.0002399808015361169,-0.16250699999999996,0.06873700000000005,-0.925248,0.16476000000000002,-0.029141000000000084,-0.923198,0.327267,0.09787800000000013,0.0020499999999999963,0.9888797386013615,0.9760361754907863,double,-0.923198
31,0.129167,walk,1.60962,-1.181111,0.935989,0.024825,0.003466,-0.607739,0.12335013198947084,0.00023998080151613449,-0.005999520038409583,-0.12632182479374054,0.001566493624305576,0.12651369517269126,-0.0043196544276634255,-0.0004799616030855554,-0.0007199424046075181,0.0007199424046016899,-0.0019198464122889352,0.0004799616030718175,-0.16303900000000016,0.06873400000000007,-0.925226,0.16424899999999987,-0.02915000000000001,-0.923171,0.327288,0.09788400000000008,0.002055000000000029,0.9926575634946149,0.9759402950214419,double,-0.923171
32,0.133333,walk,1.610421,-1.181235,0.935868,0.025405,0.00278,-0.607514,0.1922707633221438,-0.02976476236198101,-0.029044647143525355,-0.41891569895375946,0.08976296302569982,-0.1406850658080735,-0.004320691310574041,0.0009601536245542427,0.0,0.00216034565534032,-0.0007201152184290069,0.0002400384061452231,-0.16385800000000006,0.06886199999999998,-0.9251050000000001,0.16345699999999996,-0.02902899999999997,-0.923049,0.327315,0.09789099999999995,0.0020560000000000578,0.992623184143696,0.9756236325754916,double,-0.923049
33,0.1375,walk,1.610976,-1.181338,0.935857,0.025788,0.002491,-0.607604,0.13318934485237835,-0.024718022558186736,-0.002639788816890625,-0.23131393028184666,-0.0005663883932291451,0.05387698088293687,-0.002879769618460046,-0.00023998080151613449,-0.0002399808015357006,0.0011999040076872453,-0.0014398848092033799,-0.000959923206143635,-0.16442500000000004,0.06896400000000003,-0.925095,0.16290700000000014,-0.028931999999999958,-0.923042,0.3273320000000002,0.09789599999999998,0.0020529999999999715,0.9951671682370571,0.9759602950214474,double,-0.923042
34,0.141667,walk,1.611548,-1.181462,0.935818,0.026184,0.002045,-0.607653,0.13726901847852657,-0.02975761939045205,-0.00935925125990196,-0.28160736971491657,0.0549905557100654,0.02696509729704741,-0.0023998080153212202,0.0023998080153745066,-0.0009599232061436414,0.001919846412288948,-0.0026397888168906425,-0.0002399808015357022,-0.1650069999999999,0.0690980000000001,-0.92506,0.16234300000000013,-0.028818999999999928,-0.923004,0.32735000000000003,0.09791700000000003,0.0020559999999999468,0.9941216948817545,0.9739851637081125,double,-0.923004
35,0.145833,walk,1.612149,-1.181598,0.935796,0.026526,0.001664,-0.607696,0.1442630820931525,-0.03264522323569704,-0.005280844935208233,-0.24205394663628832,0.045917557944199466,0.02380490463780656,-0.004080652904502104,0.00024003840612523588,0.00048007681229002974,0.0009601536245542427,-0.0026404224675907915,0.001680268843014896,-0.16562500000000013,0.06923499999999994,-0.925036,0.16174599999999995,-0.028693999999999997,-0.922975,0.3273710000000001,0.09792899999999993,0.0020609999999999795,0.9931403311731349,0.9739338543379177,double,-0.922975
36,0.15,walk,1.612734,-1.181744,0.935759,0.026868,0.001228,-0.607745,0.14038876889844853,-0.0350371970242331,-0.008879289656816343,-0.25811901379788416,0.06693082343677609,0.02713474019779853,-0.002399808015321204,0.0016798656107728006,0.0014398848092150361,0.0011999040076872453,-0.0033597312215456012,-0.0002399808015361169,-0.1662199999999998,0.069388,-0.924993,0.16116600000000014,-0.0285620000000002,-0.922939,0.32738599999999995,0.0979500000000002,0.0020540000000000003,0.9945598470087728,0.9735006109807487,double,-0.922939
37,0.154167,walk,1.613382,-1.181873,0.935675,0.027177,0.00085,-0.607896,0.15550755939529717,-0.0309575233981391,-0.020158387329007176,-0.2296701116746425,0.05573311881132934,0.08892620302124576,-0.0011999040076872453,0.0007199424046016899,-0.0026397888168943717,-0.00023998080156942094,0.00023998080156942094,0.0007199424046075181,-0.16687300000000005,0.06952000000000003,-0.9249200000000001,0.1605169999999998,-0.028432000000000013,-0.922852,0.32738999999999985,0.09795200000000004,0.0020680000000000698,0.99502043852572,0.9779934562073278,double,-0.922852
38,0.158333,walk,1.614011,-1.181993,0.935617,0.027627,0.000668,-0.607918,0.1509841574651921,-0.02880460873742677,-0.013922227556409613,-0.22497518029793734,-0.06171685096573961,0.015161821527584069,-0.0040806529044488055,0.0014402304368580138,0.0012001920307248661,0.0031204992798945625,-0.0033605376860197985,0.0012001920307252827,-0.16751899999999997,0.0696460000000001,-0.924857,0.15990099999999985,-0.02832599999999985,-0.9227890000000001,0.3274199999999998,0.09797199999999995,0.0020679999999999588,0.9925154877045153,0.971419368835762,double,-0.9227890000000001
39,0.1625,walk,1.614636,-1.182091,0.935562,0.028067,0.000496,-0.607905,0.14998800095989323,-0.02351811855049949,-0.01319894408447977,-0.217838926573426,-0.06304863504669131,-0.00562227251937386,-0.0007199424046549763,0.0004799616030855554,0.0004799616030718175,0.0023998080153744905,-0.002159827213858356,-0.0007199424046079344,-0.16814700000000005,0.06974600000000009,-0.9248,0.15928600000000004,-0.028237000000000068,-0.922737,0.3274330000000001,0.09798300000000015,0.002062999999999926,0.99835088967851,0.9738568215533819,double,-0.922737
40,0.166667,walk,1.615274,-1.182189,0.935526,0.028447,0.000247,-0.607955,0.1531077513799227,-0.02351811855049949,-0.00863930885530021,-0.21807513430659445,-0.015378503404792847,0.030478352597183185,-0.002399808015321204,0.0009599232061178244,-0.0004799616030718175,0.0016798656107728006,-0.0019198464122889352,0.0002399808015361169,-0.16879500000000003,0.06984799999999991,-0.924766,0.158655,-0.028147000000000144,-0.9227,0.32745,0.09799500000000005,0.0020660000000000123,0.9956185700544271,0.9750695103383342,double,-0.9227
41,0.170833,walk,1.61592,-1.182281,0.935497,0.028777,-0.000109,-0.608103,0.1550648103696409,-0.022083533365333873,-0.006961113778191482,-0.2313329481701157,0.0412993482032707,0.0879587036667365,-0.00216034565534032,0.0,-0.001920307249160119,0.003120499279841263,-0.0012001920306794786,0.00024003840614480668,-0.1694500000000001,0.06993999999999989,-0.924745,0.15802199999999988,-0.028059999999999974,-0.92267,0.327472,0.09799999999999986,0.002075000000000049,0.9951825913830599,0.9736634101282076,double,-0.92267
42,0.175,walk,1.616555,-1.18234,0.935433,0.028871,-0.000433,-0.60832,0.1523878089752687,-0.01415886729062433,-0.015358771298311584,-0.13269366195572813,0.09894046763730101,0.12777437181095339,-0.00023998080151613608,0.00023998080151613608,0.0002399808015361185,0.0011999040076872533,-0.0026397888169439293,0.0002399808015361185,-0.17008599999999996,0.06999999999999984,-0.92468,0.15739199999999998,-0.028012000000000148,-0.922605,0.32747799999999994,0.09801199999999999,0.002074999999999938,0.9993072350982024,0.9744006456870722,double,-0.922605
43,0.179167,walk,1.617154,-1.182406,0.93543,0.029125,-0.00073,-0.608504,0.14374850011999415,-0.015838732901397038,-0.0007199424046016899,-0.18546441214211185,0.04148544290900188,0.11007162070958258,0.0007199424046016899,0.0023998080153744905,0.002399808015358671,0.0007199424046016899,-0.002639788816890625,0.0004799616030714012,-0.170682,0.07007600000000003,-0.924667,0.15679599999999994,-0.02795700000000001,-0.9226,0.32747799999999994,0.09803300000000004,0.002067000000000041,0.9942177296636905,0.9747000356360421,double,-0.9226
44,0.183333,walk,1.617732,-1.182463,0.935429,0.029336,-0.000898,-0.608694,0.13874219875179236,-0.013682189150257729,-0.0002400384061518855,-0.13149379338677308,0.005030491114246089,0.11504736578182682,-0.0031204992798945625,-0.000480076812303771,-0.001680268843014896,0.0033605376860730975,-0.0026404224675907915,0.0002400384061452231,-0.171273,0.07013099999999994,-0.924673,0.15623200000000015,-0.02791100000000002,-0.9225979999999999,0.32750500000000016,0.09804199999999996,0.002075000000000049,0.994039180498562,0.9721158367337741,double,-0.9225979999999999
45,0.1875,walk,1.618339,-1.182506,0.935445,0.029622,-0.001,-0.608897,0.14566834653228308,-0.010319174466046365,0.0038396928245778704,-0.14088441374617883,-0.04180957361147965,0.1244341899437442,0.00023998080156942094,0.0009599232061711108,0.0,0.0014398848092033799,-0.0028797696184067597,-0.0007199424046075181,-0.1718789999999999,0.07017800000000007,-0.924689,0.15563100000000007,-0.027879999999999905,-0.922617,0.32750999999999997,0.09805799999999998,0.0020719999999999628,0.9983508896785205,0.9737813490581716,double,-0.922617
46,0.191667,walk,1.618944,-1.182543,0.935458,0.029801,-0.001148,-0.609164,0.14518838492919753,-0.0088792896567897,0.0031197504199761807,-0.11425571244268197,0.007894655918212352,0.16181414323302887,-0.00023998080156942094,0.0014398848092033799,0.0002399808015357006,0.002639788816890625,-0.003359731221492315,0.0004799616030714012,-0.172485,0.07022099999999987,-0.924701,0.1550370000000001,-0.02785700000000002,-0.922628,0.3275220000000001,0.09807799999999989,0.0020729999999999915,0.9975344316442911,0.9721039841344188,double,-0.922628
47,0.195833,walk,1.619724,-1.182556,0.935366,0.030146,-0.00095,-0.609458,0.18722995679308746,-0.0031204992798945625,-0.022083533365333873,-0.07659494323305673,-0.1718859558708581,0.1844779829197693,-0.00024003840612523588,0.000960153624607542,0.00048007681229002974,0.0031204992798945625,-0.0016802688430365487,0.0007201152184352529,-0.17326599999999992,0.07023800000000002,-0.9246070000000001,0.15427000000000013,-0.02785100000000007,-0.922533,0.32753600000000005,0.09808900000000009,0.0020740000000000203,0.9981666763902071,0.9732324279191084,double,-0.922533
48,0.2,walk,1.620413,-1.182603,0.935319,0.030706,-0.000928,-0.609737,0.165346772258258,-0.011279097672217476,-0.011279097672190834,-0.20980494555891838,-0.16802972325122192,0.17598898616034978,0.0019198464122889352,0.0007199424046016899,0.0007199424046079344,0.002399808015321204,-0.0031197504199761807,-0.0021598272138229706,-0.17394700000000007,0.07028800000000013,-0.924557,0.1535909999999998,-0.02781699999999998,-0.9224950000000001,0.3275379999999999,0.09810500000000011,0.0020619999999998972,0.9963781356938899,0.9718972838437667,double,-0.9224950000000001
49,0.204167,walk,1.621093,-1.182651,0.935299,0.031066,-0.000931,-0.610009,0.16318694504434744,-0.0115190784736804,-0.0047996160307223696,-0.14089134674824058,-0.10010574785149019,0.16877345741463673,0.0016798656107195255,0.0011999040076872533,-0.0002399808015361185,0.0007199424046016947,-0.004799616030695727,0.0007199424046075229,-0.17462,0.07034099999999999,-0.924538,0.152914,-0.027789000000000064,-0.922472,0.327534,0.09813000000000005,0.0020660000000000123,0.9965361754908579,0.9711626348691431,double,-0.922472
50,0.208333,walk,1.621745,-1.182712,0.935265,0.031353,-0.001009,-0.610281,0.1565050408065522,-0.01464234277486527,-0.00816130580892426,-0.13512554959674106,-0.05024328239438642,0.16736999248346784,0.000480076812303771,0.0024003840614122566,-0.00048007681229002974,0.002640422467644091,-0.0031204992798945625,0.0002400384061452231,-0.17527000000000004,0.07041199999999992,-0.924506,0.1522730000000001,-0.027741000000000016,-0.9224370000000001,0.32754300000000014,0.09815299999999993,0.0020689999999999875,0.9958424128479462,0.9724854192233175,double,-0.9224370000000001
51,0.2125,walk,1.622434,-1.182766,0.935236,0.031295,-0.001111,-0.610678,0.1653467722582047,-0.01295896328293699,-0.006959443244554051,-0.01220897581143904,0.061861592508186874,0.2380174055568117,0.0016798656107728006,0.0,0.001679865610751153,0.0009599232061178244,-0.0038396928245778704,0.0004799616030714012,-0.1759519999999999,0.07046599999999992,-0.9244699999999999,0.15158800000000006,-0.027703000000000033,-0.922406,0.32753999999999994,0.09816899999999995,0.0020639999999999548,0.996040518783827,0.9727152324910705,double,-0.922406
52,0.216667,walk,1.622837,-1.182648,0.935404,0.031442,-8.6e-05,-0.611519,0.09671226301899516,0.028317734581248474,0.040316774658040996,0.2352127653256615,-0.4193732949432051,0.5268463205438264,0.0007199424046016899,0.0014398848092566662,0.0014398848092154525,0.004079673626094005,-0.0031197504199761807,-0.0009599232061432187,-0.17635200000000006,0.07035400000000003,-0.924632,0.15120199999999984,-0.027834000000000136,-0.922578,0.3275539999999999,0.09818800000000016,0.0020540000000000003,0.9964002879769189,0.9707520802107633,double,-0.922578
53,0.220833,walk,1.623382,-1.182632,0.935518,0.03144,0.000147,-0.612078,0.13082093134901998,0.0038406144983235695,0.027364378300515458,0.06264946184730541,-0.07939251853308087,0.3428044925779955,-0.0007201152184290069,0.00048007681225047176,-0.0009601536245800595,0.0024003840614655555,-0.0033605376860197985,0.00024003840614480668,-0.17690000000000006,0.07033999999999985,-0.92475,0.15066699999999988,-0.02786400000000011,-0.9226909999999999,0.32756699999999994,0.09820399999999996,0.002059000000000033,0.9978455893714755,0.9725154216916233,double,-0.9226909999999999
54,0.225,walk,1.623852,-1.182549,0.935611,0.031199,0.00025,-0.612955,0.11279097672185505,0.019918406527437756,0.022318214542838888,0.11148632846765304,0.04492319238786513,0.5310040044156784,0.004319654427610139,0.002879769618460046,0.003599712023038007,0.002879769618460046,-0.004799616030695695,-0.0011999040076793356,-0.17735200000000018,0.07026900000000014,-0.924828,0.15020900000000004,-0.027966999999999853,-0.922789,0.3275610000000002,0.09823599999999999,0.002039000000000013,0.9894708850643427,0.9700692749045121,double,-0.922789
55,0.229167,walk,1.624251,-1.182389,0.935766,0.030839,0.000739,-0.613963,0.09575233981277076,0.03839692824577871,0.03719702423806481,0.2686250965667111,-0.06438519938451127,0.6158576703683264,0.0007199424046549763,0.0011999040076872453,0.0007199424046079344,0.004319654427610139,-0.004079673626147291,0.0004799616030718175,-0.1777479999999998,0.07011400000000001,-0.92498,0.14982800000000007,-0.02814400000000017,-0.922942,0.32757599999999987,0.09825800000000018,0.0020379999999999843,0.99737723441148,0.9696850009212273,double,-0.922942
56,0.233333,walk,1.624629,-1.182218,0.935928,0.030677,0.00107,-0.614877,0.09073451752285434,0.04104656745077319,0.03888622179548616,0.14812695151223582,-0.06430298761855166,0.559138699643271,0.00024003840612523588,0.0007201152184290069,0.0012001920307248661,0.0031204992798945625,-0.004560729716752576,-0.0014402304368700894,-0.1781250000000001,0.06994600000000006,-0.925137,0.1494629999999999,-0.02833400000000008,-0.92311,0.327588,0.09828000000000015,0.002027000000000001,0.9976331893970743,0.9702121753453528,double,-0.92311
57,0.2375,walk,1.625018,-1.181978,0.936038,0.03043,0.001434,-0.615723,0.09335253179745018,0.057595392368615154,0.026397888168959712,0.1907945445094957,-0.0526579487964524,0.5181740458133636,0.0033597312214923374,0.0026397888168906425,0.002399808015358687,0.005519558435350708,-0.004319654427610168,0.0016798656107511643,-0.1785000000000001,0.06971700000000003,-0.9252370000000001,0.14909700000000004,-0.02859199999999995,-0.9232130000000001,0.32759700000000014,0.09830899999999998,0.0020240000000000258,0.991832422263569,0.9677476350550536,double,-0.9232130000000001
58,0.241667,walk,1.625466,-1.181722,0.936104,0.030056,0.001742,-0.616636,0.10751139908807379,0.06143508519319264,0.015838732901370393,0.22149269484333822,0.006981948767082612,0.5569490879559024,0.0016798656107728006,0.0019198464122889352,0.0021598272138229706,0.003839692824524584,-0.0043196544276634255,-0.0007199424046075181,-0.17894100000000002,0.069469,-0.9252940000000001,0.14866499999999983,-0.02886600000000006,-0.923282,0.32760599999999984,0.09833500000000006,0.0020120000000000138,0.9944290903618773,0.9701730476766091,double,-0.923282
59,0.245833,walk,1.625915,-1.181503,0.936154,0.029586,0.001844,-0.617417,0.10777724435907858,0.052568410945743896,0.012001920307247829,0.19847285991258176,0.1113861622163261,0.47266304295862327,0.005280844935181583,0.0028804608737160275,0.002160345655304926,0.0067210753720928955,-0.006961113778218132,-0.0014402304368700894,-0.17936799999999997,0.06926199999999993,-0.925335,0.14824400000000004,-0.029114000000000084,-0.923338,0.327612,0.09837600000000002,0.0019970000000000265,0.9893474740313184,0.9637252441411563,double,-0.923338
60,0.25,walk,1.626351,-1.181356,0.936217,0.029256,0.001944,-0.618031,0.10463162946966705,0.03527717782574924,0.01511879049674206,0.14690666141866582,0.06836429185400701,0.3729406956405906,0.0,-0.00023998080151613449,0.0026397888168943717,0.006239500839899074,-0.005039596832265116,-0.0004799616030714012,-0.17980400000000007,0.06911400000000012,-0.925387,0.1478339999999998,-0.02928200000000003,-0.923403,0.3276379999999999,0.09839600000000015,0.0019839999999999858,0.9955822090164073,0.9667685360829182,double,-0.923403
61,0.254167,walk,1.626878,-1.181262,0.936285,0.029093,0.001893,-0.618591,0.12646988240939458,0.022558195344381818,0.01631869450445606,0.03970211520708333,0.07503850462878645,0.3396247639201449,0.0026397888168906425,0.003119750419976201,0.004559635229181672,0.006719462443037961,-0.006959443244500811,-0.0004799616030718207,-0.18032000000000004,0.06903300000000012,-0.925436,0.147335,-0.029404999999999903,-0.923473,0.32765500000000003,0.09843800000000003,0.001963000000000048,0.9897949357473963,0.9642269425881134,double,-0.923473
62,0.258333,walk,1.627473,-1.181233,0.936315,0.028766,0.001728,-0.619236,0.14282285165624117,0.006961113778218132,0.0072011521843433676,0.06674634400503185,0.1678630536166699,0.38841855497889544,0.0028804608737160275,0.0024003840614122566,0.003600576092175015,0.0072011521843433676,-0.007921267402825673,-0.0002400384061452231,-0.18090300000000004,0.06901399999999991,-0.925451,0.14677000000000007,-0.029467000000000132,-0.923504,0.3276730000000001,0.09848100000000004,0.001947000000000032,0.9913360506370694,0.9626833781218992,double,-0.923504
63,0.2625,walk,1.628112,-1.18126,0.93634,0.028596,0.001604,-0.619545,0.1533477321814378,-0.006479481641468453,0.0059995200383829005,0.02364201566581605,0.1012954193406661,0.18524138075422636,0.005759539236866767,0.005519558435350634,0.0040796736261097975,0.006479481641468453,-0.008639308855273508,0.0,-0.18151800000000007,0.06906400000000001,-0.9254589999999999,0.146158,-0.029476000000000058,-0.9235289999999999,0.3276760000000001,0.09854000000000007,0.0019299999999999873,0.98506667090422,0.9627014398848335,double,-0.9235289999999999
64,0.266667,walk,1.628776,-1.181318,0.936363,0.028494,0.001295,-0.619824,0.15934725221982282,-0.013918886489108195,0.005519558435324065,-0.05667360560528435,0.1503313702868154,0.16540779375012465,0.003839692824577896,0.003839692824577896,0.005759539236861015,0.00815934725224135,-0.008399328053757487,0.0009599232061436414,-0.18216600000000005,0.06913800000000014,-0.9254579999999999,0.1455280000000001,-0.02945299999999995,-0.9235479999999999,0.32769400000000015,0.0985910000000001,0.0019099999999999673,0.986807117428623,0.9613178999041507,double,-0.9235479999999999
65,0.270833,walk,1.629483,-1.181382,0.936339,0.028559,0.001025,-0.620156,0.16970715314450616,-0.015362457993240979,-0.005760921747458705,-0.10863144430561196,0.08668724624373393,0.1998164881225999,0.0026404224675907915,0.005760921747485354,0.007681228996639643,0.005760921747432055,-0.008401344215076146,-0.0009601536245800595,-0.18286200000000008,0.06922600000000001,-0.9254020000000001,0.1448449999999999,-0.029424000000000117,-0.923528,0.32770699999999997,0.09865000000000013,0.0018740000000000423,0.9834033697289994,0.9642067582926114,double,-0.923528
66,0.275,walk,1.630196,-1.18146,0.936279,0.028391,0.00064,-0.620412,0.17110631149507036,-0.01871850251980367,-0.014398848092166919,-0.05419488750834175,0.19828179763596354,0.14946998852154225,0.0014398848092566567,0.0059995200383829005,0.007199424046075965,0.008399328053757375,-0.01055915526756243,0.0002399808015361153,-0.18356899999999987,0.06932899999999997,-0.925312,0.14416699999999993,-0.029390000000000027,-0.9234669999999999,0.3277359999999998,0.098719,0.0018450000000000966,0.9841974671905188,0.9590591337981003,double,-0.9234669999999999
67,0.279167,walk,1.630885,-1.181587,0.936274,0.028508,0.000435,-0.620646,0.1653467722582058,-0.030477561795053745,-0.0011999040076606101,-0.10771715407002355,0.04540672482495184,0.14177278036221316,0.004799616030695727,0.0064794816414685385,0.00863930885529194,0.007919366450725215,-0.009359251259928604,0.0014398848092150459,-0.1842379999999999,0.06948299999999996,-0.9252710000000001,0.14351100000000017,-0.02930200000000016,-0.923456,0.32774900000000007,0.09878500000000012,0.001815000000000011,0.9803038600876153,0.9612759320859732,double,-0.923456
68,0.283333,walk,1.631606,-1.181707,0.936262,0.028608,-2e-06,-0.620985,0.17306769083052595,-0.02880460873742677,-0.002880460873742677,-0.17161849513433072,0.13917542193481836,0.20256617342787697,0.007441190590468603,0.007441190590468603,0.017522803648583798,0.009601536245755623,-0.011041766682666937,0.0014402304368700894,-0.18492799999999998,0.06963399999999997,-0.9251860000000001,0.14283,-0.02922800000000003,-0.9234380000000001,0.327758,0.098862,0.0017479999999999718,0.9659334278167415,0.958014650614367,double,-0.9234380000000001
69,0.2875,walk,1.632347,-1.18186,0.936239,0.028488,-0.000425,-0.621317,0.1778257739381106,-0.03671706263495286,-0.005519558435324065,-0.08451620954212123,0.19935330671331347,0.1962032298135587,0.008879289656843046,0.007919366450725215,0.006959443244540359,0.010559155267615857,-0.01055915526756257,-0.0002399808015361185,-0.18563200000000002,0.06982,-0.925134,0.14213300000000006,-0.029119000000000117,-0.923416,0.3277650000000001,0.09893900000000011,0.0017179999999999973,0.9770270690651796,0.9579286186984766,double,-0.923416
70,0.291667,walk,1.633008,-1.182048,0.936243,0.028484,-0.000581,-0.621514,0.15862730981521903,-0.04511639068876303,0.0009599232061444612,-0.04711000309149726,0.06254768446637822,0.11842510300407678,0.01055915526756243,0.010799136069078563,0.015118790496760277,0.00911927045835906,-0.011039116870647982,0.0007199424046079296,-0.1862490000000001,0.07005299999999992,-0.9250750000000001,0.14151000000000002,-0.02897700000000003,-0.923417,0.32775900000000013,0.09902999999999995,0.0016580000000000483,0.9643826304121814,0.9595254683125525,double,-0.923417
71,0.295833,walk,1.633664,-1.182202,0.936225,0.028477,-0.000949,-0.621765,0.15746519443110643,-0.03696591454632438,-0.0043206913106273405,-0.10983580366848482,0.14388767714145437,0.14897783386643165,0.01200192030727448,0.011281805088845472,0.01848295727316344,0.010561689870363166,-0.01200192030722118,-0.00048007681229002974,-0.186855,0.07025400000000004,-0.92498,0.14089799999999997,-0.028872999999999927,-0.923401,0.32775299999999996,0.09912699999999997,0.001578999999999997,0.9587371256896559,0.9575524047864863,double,-0.923401
72,0.3,walk,1.634341,-1.182326,0.936158,0.028295,-0.001373,-0.622151,0.16246700263979902,-0.02975761939045205,-0.016078713702886636,-0.0620861458996986,0.21900481098318633,0.22865321674076525,0.012958963282937077,0.014878809695226026,0.022318214542836955,0.009119270458359181,-0.008879289656843046,0.0009599232061436414,-0.18747800000000003,0.07044000000000006,-0.9248200000000001,0.1402589999999999,-0.02878599999999998,-0.9233300000000001,0.32773699999999995,0.09922600000000004,0.0014899999999999913,0.9503507746593005,0.9638263640557068,double,-0.9233300000000001
73,0.304167,walk,1.635012,-1.182453,0.936164,0.028237,-0.001622,-0.622495,0.16102711783054022,-0.03047756179505334,0.0014398848092033701,-0.056040855138647185,0.11567333982990546,0.20697871121748496,0.013438924886022456,0.017758579313632568,0.02543796496280241,0.008159347252241243,-0.011279097672217402,0.000239980801535699,-0.18809299999999984,0.07064099999999995,-0.92472,0.13962200000000013,-0.02870600000000012,-0.923335,0.327715,0.09934700000000007,0.0013849999999999696,0.9436513358440037,0.9629449608760904,double,-0.923335
74,0.308333,walk,1.635637,-1.182594,0.936168,0.028097,-0.001958,-0.622827,0.15002400384063785,-0.03384541526642982,0.0009601536245808924,-0.05112523146448845,0.1727015400800614,0.19799232598894664,0.01464234277481197,0.02112337974077963,0.036965914546327715,0.006961113778218132,-0.007921267402772374,-0.0019203072491597026,-0.18865700000000007,0.07086999999999999,-0.92457,0.1390260000000001,-0.028598000000000123,-0.923347,0.32768300000000017,0.09946800000000011,0.001222999999999974,0.9249615985005257,0.969905450822719,double,-0.923347
75,0.3125,walk,1.636258,-1.182731,0.936164,0.028043,-0.002278,-0.623215,0.14902807775377638,-0.03287736981042825,-0.000959923206144474,-0.07918354115040215,0.14174714861905494,0.23330589219398987,0.011759059275249823,0.022558195344381818,0.03551715862730974,0.007439404847586369,-0.007199424046070233,0.0,-0.1892290000000001,0.07110100000000008,-0.924418,0.138436,-0.028491000000000044,-0.923343,0.3276650000000001,0.09959200000000012,0.0010749999999999371,0.9271871461059318,0.9719956566594068,double,-0.923343
76,0.316667,walk,1.6369,-1.182849,0.936142,0.027676,-0.00252,-0.623718,0.15406767458604154,-0.02831773458124866,-0.005279577633781285,0.060593132392898534,0.2077492447588219,0.30137996878667095,0.024238060955154628,0.019198464122836194,0.033357331413487165,0.008639308855273623,-0.007679385649155792,0.002399808015358687,-0.18977,0.071299,-0.924257,0.1378299999999999,-0.028405000000000014,-0.923311,0.3275999999999999,0.09970400000000001,0.0009460000000000024,0.9241936644656845,0.9708641758639462,double,-0.923311
77,0.320833,walk,1.637491,-1.18299,0.936141,0.027437,-0.002957,-0.624138,0.14186269803168694,-0.03384541526642982,-0.0002400384061518855,-0.0450734754708109,0.24142286086077783,0.24962453876464358,0.03288526164187557,0.024963994239103202,0.03816610657705216,0.007921267402825673,-0.008401344215076146,0.002160345655304926,-0.19022399999999995,0.07154400000000005,-0.924097,0.13727200000000006,-0.028299000000000074,-0.923301,0.327496,0.09984300000000013,0.0007959999999999079,0.9062910366424692,0.9724613725343696,double,-0.923301
78,0.325,walk,1.638065,-1.183115,0.936122,0.027404,-0.003174,-0.624539,0.1377489800816103,-0.029997600191967788,-0.00455963522917953,-0.056295737305498694,0.09694621363548012,0.2435365911410297,0.04799616030716977,0.030957523398085603,0.04511639068874471,0.00743940484758627,-0.0067194624429845855,0.0007199424046075133,-0.19059800000000005,0.0717979999999998,-0.92389,0.13672899999999988,-0.02820200000000006,-0.923279,0.3273269999999999,0.09999999999999987,0.0006110000000000282,0.878693588518418,0.9771390268048123,double,-0.923279
79,0.329167,walk,1.638672,-1.183239,0.93609,0.027057,-0.003574,-0.625156,0.14566834653223076,-0.02975761939045205,-0.007679385649155792,0.004675885550517885,0.2627111674625917,0.3701279217396335,0.05135589152866275,0.03383729301659937,0.04607631389488854,0.0045596352291795905,-0.008399328053757487,0.002399808015358687,-0.1909909999999999,0.07206299999999999,-0.923666,0.13614100000000007,-0.028113000000000055,-0.923237,0.327132,0.10017600000000004,0.0004290000000000127,0.871922151542994,0.979286941710544,double,-0.923237
80,0.333333,walk,1.639292,-1.183358,0.936078,0.026895,-0.003745,-0.625779,0.14882381180990506,-0.028564570331248235,-0.002880460873742677,0.003982444650221027,0.12159611120358918,0.3793568686391096,0.049687950072027864,0.04032645223234418,0.059289486317810974,0.006961113778218132,-0.005520883341360118,-0.00024003840614480668,-0.1914039999999999,0.07234999999999991,-0.923407,0.13555000000000006,-0.02801700000000018,-0.923226,0.32695399999999997,0.1003670000000001,0.00018099999999998673,0.8546043871990232,0.9833768230263812,double,-0.923226
81,0.3375,walk,1.639834,-1.183514,0.936083,0.026858,-0.003928,-0.626398,0.1300695944324546,-0.03743700503960734,0.0011999040076872372,-0.046436575943010545,0.08846677183104096,0.37874042164480237,0.061675065994708365,0.03839692824572516,0.06695464362850914,0.0028797696184067402,-0.006239500839899033,0.0031197504199661683,-0.191689,0.0726659999999999,-0.923133,0.13501999999999992,-0.027886999999999995,-0.923218,0.3267089999999999,0.10055299999999989,8.500000000000174e-05,0.8344865202098226,0.9874216581125996,double,-0.923133
82,0.341667,walk,1.64038,-1.183646,0.936104,0.026895,-0.004087,-0.627021,0.13102951763857415,-0.031677465802741,0.0050395968322651495,-0.06694693160338087,0.057306194459153185,0.38218834938614343,0.06431485481159983,0.04223662107030357,0.07415406767458652,0.001919846412288948,-0.005759539236866844,0.0002399808015361185,-0.191967,0.07297399999999987,-0.922845,0.134482,-0.027778999999999998,-0.923238,0.326449,0.10075299999999987,0.0003929999999999767,0.8179692290430879,0.989873618989533,double,-0.922845
83,0.345833,walk,1.64091,-1.183785,0.936077,0.026565,-0.004307,-0.627765,0.12722035525687497,-0.03336533845417935,-0.0064810369659143606,0.05096920949898732,0.1923235691108921,0.4518837496042572,0.06096975516082004,0.04776764282286608,0.06649063850216017,0.0043206913106273405,-0.0043206913106273405,0.00048007681228961336,-0.19224300000000016,0.07331200000000004,-0.922541,0.13396999999999992,-0.02765799999999996,-0.9232090000000001,0.3262130000000001,0.10097,0.0006680000000000019,0.8231888108020412,0.9897846492759999,double,-0.922541
84,0.35,walk,1.641378,-1.183926,0.936053,0.026534,-0.004327,-0.628374,0.11231101511877024,-0.03383729301654608,-0.005759539236866844,0.0005473124295723338,0.025587843123091168,0.37500919659425513,0.057115430765582884,0.051115910727146614,0.06791456683465368,0.003119750419976201,-0.007439404847586369,0.0007199424046079392,-0.1924729999999999,0.07366600000000001,-0.922234,0.13351500000000005,-0.027547999999999906,-0.9231820000000001,0.32598799999999994,0.10121399999999992,0.0009480000000000599,0.8198400106978758,0.9865014502594635,double,-0.922234
85,0.354167,walk,1.641868,-1.184072,0.936027,0.026624,-0.004398,-0.629086,0.11759059275260325,-0.03503719702423287,-0.006239500839925676,-0.060904096413022246,0.009621764228654111,0.4398870819396777,0.0585553155747322,0.06239500839931005,0.09119270458363264,0.0028797696184067402,-0.004079673626147264,0.001919846412286841,-0.19271900000000008,0.07407199999999992,-0.9218280000000001,0.13303699999999985,-0.027419000000000082,-0.9231480000000001,0.32575599999999993,0.101491,0.0013199999999999878,0.7783802084434975,0.9910833146109619,double,-0.9218280000000001
86,0.358333,walk,1.642376,-1.184211,0.936001,0.026524,-0.004566,-0.629895,0.12193951032164008,-0.033365338454126044,-0.006240998559789125,-0.02008029116645064,0.10457657717995786,0.49657519884472556,0.07273163706191599,0.07177148343736174,0.09961593855016806,0.0026404224675907915,-0.0064810369659143606,0.0019203072491597026,-0.1929240000000001,0.07450999999999985,-0.921387,0.13253999999999988,-0.027307000000000192,-0.923114,0.325464,0.10181700000000005,0.001727000000000034,0.7448903476795026,0.9879050916484018,double,-0.921387
87,0.3625,walk,1.642859,-1.184348,0.935968,0.026384,-0.004689,-0.63067,0.115910727141832,-0.03287736981042825,-0.007919366450671927,0.00871323075119576,0.09938534793602109,0.47580900229498796,0.05831533477321685,0.07535397168230125,0.07487401007919403,0.003119750419976201,-0.007199424046070233,-0.0004799616030714044,-0.1931640000000001,0.07496100000000006,-0.921042,0.1320699999999999,-0.027200000000000113,-0.923083,0.325234,0.10216100000000017,0.0020409999999999595,0.7776204154956559,0.9868983766465438,double,-0.921042
88,0.366667,walk,1.6433,-1.184489,0.935956,0.026265,-0.00479,-0.631378,0.10583153347730029,-0.03383729301654563,-0.0028797696184333834,0.008062965246655996,0.08387365189370333,0.4354535396450599,0.05423566114712209,0.032397408207342264,0.09983201343892405,0.0004799616030855522,-0.004799616030695663,-0.0002399808015361153,-0.19337899999999997,0.075237,-0.920614,0.13163100000000005,-0.027079000000000075,-0.923072,0.32501,0.10231600000000007,0.00245799999999996,0.7785166825946175,0.9919507992170973,double,-0.920614
89,0.370833,walk,1.6439,-1.184586,0.935944,0.02637,-0.00525,-0.632219,0.14402304368697394,-0.023283725396066653,-0.002880460873742677,-0.18530185957121162,0.15152230967569064,0.5174048699403831,0.08953432549206827,0.03648583773402061,0.12722035525684122,0.013202112337953957,-0.012241958713399715,0.010321651464234182,-0.19360599999999994,0.07548599999999994,-0.920072,0.13108600000000004,-0.027033000000000085,-0.923017,0.324692,0.10251900000000003,0.0029449999999999754,0.7042344468380195,0.9654112328656933,double,-0.920072
90,0.375,walk,1.644407,-1.184694,0.935893,0.02623,-0.0054,-0.633042,0.12167026637869885,-0.025917926565874154,-0.012239020878335383,0.0001207535770855483,0.1103306652928045,0.5066149107984489,0.10367170626349662,0.05903527717781854,0.13294936405087643,0.0033597312214923374,-0.0026397888168906425,-0.0009599232061432251,-0.193681,0.07583999999999991,-0.9194669999999999,0.13059299999999996,-0.02693600000000007,-0.92297,0.32427399999999995,0.10277599999999998,0.003503000000000034,0.6672540651421641,0.9927012688621499,double,-0.9194669999999999
91,0.379167,walk,1.644917,-1.184817,0.935884,0.02595,-0.005802,-0.633897,0.12239020878330054,-0.029517638588935913,-0.002159827213805084,-0.024692301183384596,0.24690913037749462,0.522557906398314,0.11375089992802692,0.057595392368615154,0.16294696424286126,0.00023998080156942253,-0.002879769618460065,0.0033597312215023285,-0.19371699999999992,0.07620300000000002,-0.918779,0.1300840000000001,-0.0268250000000001,-0.9229470000000001,0.323801,0.10302800000000012,0.0041680000000000605,0.6134842516094919,0.9926141167455775,double,-0.918779
92,0.383333,walk,1.645366,-1.184955,0.935881,0.025842,-0.006117,-0.634627,0.10777724435913187,-0.03312530004800081,-0.0007201152184556565,-0.06120046941330976,0.16051682029784156,0.4486465675870457,0.1435429668746702,0.09049447911667581,0.1797887662025922,0.0009601536245542427,-0.005040806529003048,0.0014402304368696728,-0.19356800000000018,0.07671800000000006,-0.9180269999999999,0.12963899999999984,-0.026707999999999954,-0.9229379999999999,0.323207,0.10342600000000002,0.004910999999999999,0.538856308880129,0.9911171374175904,double,-0.9180269999999999
93,0.3875,walk,1.645801,-1.185099,0.935888,0.025612,-0.006293,-0.63531,0.10439164866809693,-0.03455723542114732,0.0016798656107727896,0.02677442442197863,0.14540195164887326,0.4193838234174316,0.11471082313414321,0.07463402927764527,0.168946484281257,-0.0011999040076872372,-0.00911927045835906,-0.0004799616030718143,-0.19352500000000017,0.07717299999999994,-0.9173300000000001,0.12919899999999984,-0.026602000000000015,-0.9229470000000001,0.322724,0.10377499999999995,0.005616999999999983,0.5814623006893638,0.9846493552016728,double,-0.9173300000000001
94,0.391667,walk,1.646281,-1.185218,0.935874,0.025173,-0.006539,-0.636068,0.11519078473723031,-0.028557715382818084,-0.0033597312215189806,0.08237701190141138,0.23615582227546256,0.46305539573698823,0.11375089992802692,0.05471562275015509,0.18286537077033913,-0.00047996160303227217,-0.004079673626147319,0.005279577633789612,-0.19353100000000012,0.07752000000000003,-0.916554,0.12871699999999997,-0.026499999999999968,-0.922911,0.3222480000000001,0.10402,0.006357000000000057,0.5660967775489707,0.988851004027831,double,-0.916554
95,0.395833,walk,1.646901,-1.185594,0.935899,0.025056,-0.007575,-0.636087,0.14882381180985177,-0.09025444071049728,0.00600096015363724,-0.27323120436034115,0.4195837385173047,0.0005596932916867757,0.13370139222273603,0.04896783485359886,0.18266922707633237,0.0016802688429832496,-0.005760921747485354,0.002160345655304509,-0.19359400000000004,0.07810000000000006,-0.915818,0.128104,-0.02614800000000006,-0.922927,0.32169800000000004,0.10424800000000012,0.007109000000000032,0.5428977749013788,0.9893700350011365,double,-0.915818
96,0.4,walk,1.647222,-1.185681,0.936104,0.025578,-0.006683,-0.637092,0.07703383729301974,-0.020878329733608727,0.04919606431485701,0.0726674453249037,-0.47438464890474746,0.6410593482076347,0.1387089032877814,0.07991360691142649,0.19822414206863226,0.0019198464122889224,-0.0050395968322117955,-0.002399808015358655,-0.19333699999999987,0.07851999999999992,-0.915197,0.127791,-0.02608199999999994,-0.923142,0.32112799999999986,0.10460199999999986,0.00794499999999998,0.49589603982988434,0.9901620879320246,single,-0.915197
97,0.404167,walk,1.64764,-1.185792,0.936004,0.024452,-0.007234,-0.637719,0.10031197504200429,-0.026637868970475848,-0.02399808015361185,0.24386484232731645,0.5572892867073882,0.3703600041748297,0.15982721382285509,0.08015358771299697,0.19942404607631548,-0.0009599232061178308,-0.0026397888168906425,0.004799616030717791,-0.19308900000000007,0.07896499999999995,-0.9142659999999999,0.12736900000000007,-0.02598199999999995,-0.9230219999999999,0.32045800000000013,0.1049469999999999,0.008755999999999986,0.46603682505892435,0.9907314373040207,single,-0.9142659999999999
98,0.408333,walk,1.648048,-1.185903,0.936013,0.024095,-0.007554,-0.638293,0.09793566970714442,-0.02664426308208645,0.0021603456553136702,0.03047244067935832,0.23592789180630716,0.350426146783466,0.18650984157465844,0.09097455592892628,0.2169947191550643,0.00024003840612523588,-0.0043206913106273405,-0.0009601536245800595,-0.19272,0.07945499999999983,-0.9133709999999999,0.12696200000000002,-0.02588900000000005,-0.9230349999999999,0.319682,0.10534399999999988,0.009664000000000006,0.40336,0.9926123438499412,single,-0.9133709999999999
99,0.4125,walk,1.648478,-1.186005,0.93607,0.023578,-0.008188,-0.63888,0.10319174466046435,-0.024478041756670767,0.013678905687538772,-0.006715642380441186,0.40102660674837765,0.3539949128054347,0.17206623470124377,0.08999280057595785,0.21814254859611357,0.0004799616030855586,-0.0026397888168906425,0.001439884809215462,-0.19243300000000008,0.07993199999999989,-0.912519,0.12653399999999992,-0.025797999999999988,-0.923086,0.318967,0.10572999999999988,0.010566999999999993,0.4075843877165878,0.9949249749858233,single,-0.912519
100,0.416667,walk,1.648914,-1.186071,0.936164,0.023324,-0.008527,-0.639441,0.10463162946961306,-0.01583873290139693,0.022558195344381516,-0.013236883063863497,0.21115587340940742,0.34386543565608985,0.1929445644348502,0.10031197504200294,0.22582193424525887,-0.00023998080156941934,-0.003599712023061712,0.0,-0.19206499999999993,0.08041600000000004,-0.911672,0.1260969999999999,-0.025746999999999964,-0.92318,0.31816199999999983,0.10616300000000001,0.011507999999999963,0.38492000000000004,0.9939871624756099,single,-0.911672
101,0.420833,walk,1.649357,-1.186105,0.936158,0.022471,-0.009089,-0.640011,0.10633701392222056,-0.008161305808897611,-0.0014402304368580138,0.13938426077937707,0.47743128993680817,0.34047722479555853,0.18915026404224924,0.11857897263562028,0.22299567930868905,0.0028804608737693265,-0.0033605376860197985,0.0019203072491597026,-0.1917199999999999,0.0809439999999999,-0.910737,0.12566600000000006,-0.025727000000000055,-0.923166,0.31738599999999995,0.10667099999999996,0.012429000000000023,0.37571,0.9919588129131517,single,-0.910737
102,0.425,walk,1.650177,-1.186346,0.936051,0.021023,-0.011142,-0.639959,0.19678425725943066,-0.057835373170131286,-0.02567794576435802,-0.09651803824750856,1.2007309093435161,-0.06513550084619003,0.19678425725937737,0.11351091912651078,0.23638108951284026,-0.0007199424046016947,-0.0035997120230084733,0.0009599232061436414,-0.1917200000000001,0.08165800000000001,-0.9096449999999999,0.12484300000000004,-0.025500999999999996,-0.923055,0.31656300000000015,0.107159,0.013410000000000033,0.3659,0.9936759506036636,single,-0.9096449999999999
103,0.429167,walk,1.650451,-1.186455,0.93648,0.020835,-0.012919,-0.640287,0.06575473962080235,-0.02615790736744323,0.10295176385889356,-0.47773623431020795,0.7176878932884414,0.1925858914255987,0.2198224142068951,0.1187904967602372,0.24166066714662665,0.0004799616030855522,-0.0019198464122889224,0.0,-0.19107799999999986,0.08226200000000006,-0.909067,0.12457100000000021,-0.025399999999999867,-0.923484,0.31564900000000007,0.10766199999999992,0.014417000000000013,0.35583,0.9967017793571487,single,-0.909067
104,0.433333,walk,1.650844,-1.186435,0.936482,0.020268,-0.013121,-0.640782,0.09433509361499938,0.004800768122931111,0.000480076812303771,0.1459398076715212,0.2561852532923152,0.3004778153738284,0.23907825252040235,0.14138262121938316,0.2592414786365819,0.0007201152184290069,-0.0033605376860730975,0.00048007681228961336,-0.19047499999999995,0.08283099999999988,-0.907989,0.1241810000000001,-0.02543400000000018,-0.9234840000000001,0.31465600000000005,0.10826500000000006,0.015495000000000037,0.34504999999999997,0.9942163416966833,single,-0.907989
105,0.4375,walk,1.651167,-1.186346,0.936585,0.019782,-0.013136,-0.641192,0.07751379889610632,0.021358291336694563,0.024718022558186902,0.17375003772729716,0.1610607476907006,0.24928627699828218,0.24166066714662487,0.16438684905208797,0.2663786897048251,0.0009599232061178308,-0.0064794816414685385,-0.001679865610750748,-0.18979100000000004,0.08342699999999992,-0.906982,0.12386199999999992,-0.025550000000000184,-0.923594,0.31365299999999996,0.1089770000000001,0.01661200000000007,0.33387999999999995,0.9887296993811716,single,-0.906982
106,0.441667,walk,1.651515,-1.186185,0.936655,0.018827,-0.014366,-0.641743,0.08351331893448931,0.03863690904724181,0.016798656107514975,-0.027842945378770224,0.7548329546858973,0.3264002395638154,0.24070074394050706,0.16510679145668966,0.260379169666428,0.00023998080156942253,-0.003839692824577896,0.0019198464122868665,-0.18913599999999997,0.08395400000000008,-0.905967,0.12351500000000004,-0.025727000000000055,-0.923656,0.312651,0.10968100000000014,0.017689000000000066,0.32311,0.9928339841343929,single,-0.905967
107,0.445833,walk,1.651845,-1.185929,0.936694,0.018258,-0.014582,-0.642496,0.07921267402783035,0.06144983197312381,0.009361497839657038,0.14242859985907808,0.265878759679519,0.4625524213322913,0.2568410945751089,0.1766682669227243,0.24771963514162204,-0.000720115218482306,-0.0064810369659143606,0.00024003840614480668,-0.188396,0.08443400000000012,-0.9049740000000001,0.1231819999999999,-0.02601000000000009,-0.923694,0.3115779999999999,0.11044400000000021,0.01871999999999996,0.31279999999999997,0.9891244381348386,single,-0.9049740000000001
108,0.45,walk,1.652032,-1.185658,0.936759,0.018266,-0.014559,-0.64312,0.044876409887193616,0.06503479721620066,0.015598752099827513,0.003927007201436993,-0.0017866411204335575,0.3912390864429172,0.28029757619391626,0.20374370050392876,0.26685865130789377,0.0019198464122889224,-0.0033597312214922927,-0.0009599232061432123,-0.1874149999999999,0.08501200000000009,-0.903927,0.12300299999999997,-0.026294999999999957,-0.923763,0.31041799999999986,0.11130700000000004,0.019835999999999965,0.30164,0.9933552324910788,single,-0.903927
109,0.454167,walk,1.652309,-1.185386,0.936894,0.017926,-0.014425,-0.643625,0.0664746820254582,0.06527477801777094,0.032397408207342694,0.1661662484673929,0.06304188897424187,0.3121098805503908,0.27765778737697605,0.22894168466525722,0.24622030237581113,-0.00047996160303227217,-0.003839692824577896,0.0011999040076793436,-0.18653500000000012,0.08569400000000016,-0.903036,0.12272400000000006,-0.026583000000000023,-0.923893,0.3092590000000002,0.11227700000000018,0.020857000000000014,0.29142999999999997,0.9932477629725103,single,-0.903036
110,0.458333,walk,1.652763,-1.18537,0.936921,0.017066,-0.015534,-0.643249,0.10897743638981136,0.0038406144983235695,0.0064810369659143606,-0.026730433232750324,0.66760831196753,-0.2506107050472825,0.2882861257801264,0.24531925108013816,0.2518002880460875,-0.0024003840614655555,0.001440230436911313,-0.004320691310609852,-0.18578800000000006,0.0867,-0.902014,0.12226000000000004,-0.026592999999999867,-0.923938,0.3080480000000001,0.11329299999999987,0.021924000000000055,0.28076,0.9914195828974209,single,-0.902014
111,0.4625,walk,1.653092,-1.185076,0.936962,0.01644,-0.015954,-0.643604,0.07895368370530867,0.07055435565155128,0.009839212862960744,0.10051984835100757,0.3526343217105117,0.21275002936412235,0.2946964242860565,0.28389728821692467,0.236141108711301,-0.0007199424046016851,0.0011999040076339509,-0.01007919366450685,-0.18488900000000008,0.08758899999999992,-0.901071,0.12192800000000004,-0.026882000000000073,-0.924021,0.3068170000000001,0.11447099999999999,0.022950000000000026,0.2705,0.9830402247443387,single,-0.901071
112,0.466667,walk,1.653442,-1.1848,0.936916,0.015943,-0.016398,-0.643763,0.08399328053757486,0.06623470122388878,-0.01103911687064813,0.0455096253195585,0.3188181598489292,0.09184766848727119,0.2721382289416786,0.3016558675306145,0.22798176145908444,-0.005759539236866844,0.003839692824577896,-0.009599232061435165,-0.18410500000000019,0.08857000000000004,-0.900075,0.12155399999999994,-0.027142,-0.9240149999999999,0.3056590000000001,0.11571200000000004,0.02393999999999996,0.26060000000000005,0.98027545315424,single,-0.900075
113,0.470833,walk,1.653746,-1.184379,0.936987,0.012976,-0.018069,-0.643864,0.07297167546804122,0.10105616898703898,0.017042726836304176,0.5733422415584646,1.5318663522244826,0.021647539320609907,0.31877100336053643,0.3542966874700028,0.23067690830532953,0.0,-0.00024003840612523588,-0.011761881901103855,-0.18308100000000005,0.08962500000000007,-0.899185,0.12125000000000008,-0.027563999999999922,-0.924135,0.30433100000000013,0.11718899999999999,0.024950000000000028,0.2505,0.9803927816373146,single,-0.899185
114,0.475,walk,1.6537,-1.183778,0.937474,0.011997,-0.016425,-0.644597,-0.01103911687064813,0.14422846172308065,0.11687065034797647,0.8702577218870253,-0.29147880445993574,0.4454222723728324,0.34029277657790963,0.3971682265418698,0.22990160787137173,0.0004799616030855586,-0.0014398848092033894,-0.002159827213822985,-0.18161699999999992,0.09067899999999995,-0.898714,0.12129800000000013,-0.028170999999999946,-0.924631,0.30291500000000005,0.1188499999999999,0.025916999999999968,0.24083,0.9956003519718488,single,-0.898714
115,0.479167,walk,1.653978,-1.183329,0.937452,0.011431,-0.016825,-0.645168,0.06671466282697344,0.10775137988958922,-0.005279577633807858,0.08558865531995834,0.3289224280349391,0.35180625801802623,0.4641228701703541,0.46460283177343964,0.18454523638108783,-0.007919366450725109,-0.006479481641468453,0.0009599232061436286,-0.17996100000000004,0.09216599999999997,-0.8979229999999999,0.12098699999999996,-0.028646999999999867,-0.9246049999999999,0.300948,0.12081299999999984,0.026681999999999984,0.23318,0.9828712798132713,single,-0.8979229999999999
116,0.483333,walk,1.654198,-1.182793,0.937624,0.010544,-0.016713,-0.64574,0.05280844935192243,0.12866058569373298,0.04128660585695172,0.3619764296467546,0.2405829787945382,0.34813800748334206,0.42390782525207754,0.4567930868939531,0.17402784445511185,0.002640422467644091,-0.0019203072491617847,0.006240998559769554,-0.178415,0.09353300000000009,-0.89737,0.12077800000000005,-0.029190999999999967,-0.924751,0.29919300000000004,0.12272400000000006,0.02738099999999999,0.22619000000000006,0.9882610011592569,single,-0.89737
117,0.4875,walk,1.654449,-1.182233,0.937769,0.010623,-0.017487,-0.646121,0.0602351811855058,0.1343892488600665,0.03479721622269056,-0.2674976010264172,0.2637381669267806,0.24198438994975904,0.4007679385648783,0.5305975521958185,0.21430285577154068,0.004319654427610168,-0.0011999040076872533,0.007199424046076062,-0.17699600000000015,0.09518400000000016,-0.8966219999999999,0.1205449999999999,-0.029755999999999894,-0.924866,0.29754100000000006,0.12494000000000005,0.028244000000000047,0.21755999999999998,0.9858646531901156,single,-0.8966219999999999
118,0.491667,walk,1.654962,-1.181973,0.937545,0.010766,-0.01864,-0.644741,0.1231101511879006,0.062395008399363336,-0.05375569954403654,-0.41571157455450913,0.3612942819914474,-0.8626226578995829,0.4151667866570665,0.5581953443724047,0.16582673386128916,0.00311975041997616,-0.0021598272138050553,0.0023998080153590715,-0.17577900000000013,0.09724999999999984,-0.8957069999999999,0.12004499999999996,-0.03002499999999997,-0.924632,0.2958240000000001,0.1272749999999998,0.02892500000000009,0.21075000000000005,0.9925172838437474,single,-0.8957069999999999
119,0.495833,walk,1.655175,-1.181493,0.937634,0.011414,-0.018938,-0.644785,0.05112818050888588,0.11521843494960048,0.02136341814690487,-0.3298269854826951,-0.09054763479085107,0.037113196129436095,0.4815170427268778,0.651944311089813,0.17930868939030176,-0.0026404224675907915,0.005280844935181583,-0.01320211233797436,-0.17398599999999997,0.09948599999999996,-0.895049,0.11982099999999996,-0.030483000000000038,-0.9247759999999999,0.29380699999999993,0.129969,0.029726999999999948,0.20273000000000008,0.9758963508859202,single,-0.895049
120,0.5,walk,1.655522,-1.180947,0.937763,0.011339,-0.019593,-0.644747,0.08327333813291989,0.13102951763857415,0.030957523398139303,-0.17545868028738038,0.26305320511842006,-0.02315660524315947,0.4715622750179999,0.6889848812094702,0.14086873050156168,-0.0045596352291795905,0.005519558435297421,-0.02231821454283654,-0.17236799999999985,0.10181099999999987,-0.894591,0.11945500000000009,-0.03100600000000009,-0.924998,0.29182299999999994,0.13281699999999996,0.030406999999999962,0.19593,0.9609360033931527,single,-0.894591
121,0.504167,walk,1.655734,-1.180381,0.937792,0.011455,-0.019639,-0.645006,0.0508759299256298,0.13582913366932137,0.006959443244527361,-0.055541513434562796,-0.015539747045055308,0.16421026390379875,0.48740100791933727,0.7288216942644961,0.10919126469882257,-0.0021598272138050553,-0.004799616030695663,-0.004319654427645913,-0.17054900000000006,0.10428199999999999,-0.894165,0.11923400000000006,-0.031592000000000064,-0.925045,0.2897830000000001,0.13587400000000005,0.03088000000000002,0.19120000000000004,0.9886518990808196,single,-0.894165
122,0.508333,walk,1.655914,-1.17974,0.937876,0.011585,-0.020207,-0.645241,0.043206913106113506,0.1538646183389081,0.020163226116198738,-0.2225205123678305,0.1713510085146334,0.15085220619927195,0.4807969275083955,0.7621219395103038,0.08833413346135381,-0.0028804608737693265,-0.007681228996647139,0.002880460873739762,-0.16872600000000015,0.10681600000000002,-0.893881,0.11904199999999987,-0.03226499999999999,-0.9251170000000001,0.287768,0.139081,0.03123600000000004,0.18764000000000003,0.9855090652293892,single,-0.893881
123,0.5125,walk,1.656316,-1.17938,0.93777,0.010974,-0.021163,-0.644343,0.09647228221737439,0.08639308855289723,-0.025437964962815578,-0.07671590650443501,0.5274252354889638,-0.5698488612079194,0.4833213342932562,0.7933765298776323,0.06623470122390299,-0.0007199424046017042,-0.003359731221492382,0.0016798656107511866,-0.16711399999999998,0.10976200000000014,-0.893499,0.1186370000000001,-0.03263899999999986,-0.9250039999999999,0.2857510000000001,0.142401,0.031504999999999894,0.18495000000000006,0.9936255589750946,single,-0.893499
124,0.516667,walk,1.656555,-1.178782,0.937828,0.010533,-0.022063,-0.644104,0.05735541156709825,0.14350851931847705,0.013918886489081366,-0.11801511244896745,0.46345551119348116,-0.15318609335227404,0.5399568034557399,0.8648908087352803,0.02447804175666045,0.004319654427663397,-0.0009599232061711044,-0.001679865610751142,-0.165103,0.11276799999999998,-0.893455,0.11841600000000008,-0.033241000000000076,-0.925069,0.2835190000000001,0.14600900000000006,0.03161400000000003,0.18385999999999997,0.992111397918804,single,-0.893455
125,0.520833,walk,1.656818,-1.178188,0.937962,0.010351,-0.022823,-0.643844,0.06313010081610707,0.14258281325011593,0.032165146423419916,-0.16995292972321704,0.331806927943652,-0.16273625016352847,0.5182429188670237,0.8746999519923134,-0.003600576092175015,0.003120499279841263,0.0024003840614655555,-0.002880460873739762,-0.16320699999999988,0.11581799999999998,-0.893604,0.118166,-0.033824999999999994,-0.925215,0.2813729999999999,0.14964299999999997,0.031611000000000056,0.18389,0.9918697385850466,single,-0.893604
126,0.525,walk,1.657066,-1.1775,0.938087,0.010241,-0.022894,-0.64371,0.059515238780903305,0.16510679145668747,0.02999760019199443,0.01752348748277945,0.05816014540201461,-0.08535255159338567,0.5046796256299376,0.9236861051115819,-0.015118790496760277,-0.006239500839899033,-0.00623950083995232,0.003359731221502284,-0.16135199999999994,0.11897899999999995,-0.893792,0.11789200000000011,-0.0345390000000001,-0.925326,0.27924400000000005,0.15351800000000004,0.03153399999999995,0.18466000000000005,0.9842634064691733,single,-0.893792
127,0.529167,walk,1.657199,-1.176793,0.93803,0.010066,-0.022745,-0.643631,0.03191744660430999,0.169666426685867,-0.01367890568753859,0.1097730599410634,-0.001832391348067049,-0.05305441508036981,0.49676025917926575,0.9736021118310406,-0.007679385649149029,-0.0019198464122889224,-0.0019198464122889224,0.0007199424046075133,-0.15941500000000008,0.12232899999999991,-0.893767,0.11775099999999994,-0.03525400000000012,-0.925266,0.277166,0.15758300000000003,0.031499000000000055,0.18501,0.9953184945561433,single,-0.893767
128,0.533333,walk,1.657417,-1.176207,0.938077,0.010146,-0.023998,-0.643197,0.05232837253956675,0.1406625060009579,0.011281805088819123,-0.4197140469308397,0.4297690016260776,-0.2649802379867072,0.48391742678830296,1.0211233797407802,-0.01632261161785895,0.0026404224675908618,-0.0016802688429832942,-0.0009601536245796687,-0.1576169999999999,0.12599699999999991,-0.8938820000000001,0.11754400000000009,-0.03584699999999996,-0.9253170000000001,0.275161,0.16184399999999988,0.03143499999999999,0.18565000000000004,0.9945438543379321,single,-0.8938820000000001
129,0.5375,walk,1.65758,-1.175486,0.938146,0.01004,-0.024778,-0.643047,0.03911687065038014,0.17302615790735928,0.016558675305971972,-0.20308673144903872,0.3172958210968297,-0.09191051862699819,0.47708183345329097,1.035037197024233,-0.04919606431485368,-0.0014398848092033701,-0.004319654427663397,0.0009599232061432123,-0.15579200000000015,0.12958899999999995,-0.8941560000000001,0.11737500000000001,-0.03658600000000001,-0.925382,0.27316700000000016,0.16617499999999996,0.031225999999999976,0.18773999999999996,0.9922443326814984,single,-0.8941560000000001
130,0.541667,walk,1.657737,-1.174756,0.938161,0.009917,-0.025117,-0.642976,0.03767698584112348,0.17518598512121764,0.0035997120230350688,-0.06004842698616032,0.1615551230265326,-0.04460963231203979,0.4946004319654607,1.0866330693544644,-0.04799616030717477,-0.0023998080153744745,-0.0033597312214922927,-0.001679865610751142,-0.15388800000000002,0.13338699999999992,-0.894371,0.11720799999999998,-0.037330000000000085,-0.925404,0.271096,0.170717,0.031032999999999977,0.18966999999999995,0.9925709240776696,single,-0.894371
131,0.545833,walk,1.657897,-1.174025,0.93815,0.010653,-0.025032,-0.642848,0.03840614498318239,0.17546807489193822,-0.0026404224675907915,-0.24527718525975403,-0.26023599675800885,-0.06862271108184384,0.48679788766200605,1.1267402784445446,-0.04296687469995329,-0.0012001920307327777,-0.00024003840612523588,0.0,-0.15202000000000004,0.13735000000000008,-0.8945390000000001,0.11704300000000001,-0.03806199999999982,-0.925393,0.26906300000000005,0.1754119999999999,0.030853999999999937,0.19146000000000002,0.9979600658050853,single,-0.8945390000000001
132,0.55,walk,1.658092,-1.173265,0.938231,0.010874,-0.025481,-0.642653,0.04679625629948254,0.18238540916728777,0.019438444924405357,-0.22133078216568006,0.09403057894035312,-0.11633383802876596,0.46556275497961075,1.135589152867752,-0.0659947204223651,0.00023998080156941934,-0.0004799616030855522,0.0004799616030718143,-0.15027499999999994,0.14132199999999995,-0.894895,0.1168490000000002,-0.03882399999999997,-0.9254720000000001,0.26712400000000014,0.18014599999999992,0.030577000000000076,0.19423,0.9988000959922866,single,-0.894895
133,0.554167,walk,1.658312,-1.172446,0.938383,0.010573,-0.026707,-0.642612,0.05279577633792013,0.19654427645786385,0.03647708183343721,-0.26806230800299924,0.5432033284325758,-0.024221393790101776,0.46772258219342827,1.1814254859611482,-0.06767458603311804,-0.00095992320617113,0.00023998080151613928,0.0014398848092154813,-0.14854600000000007,0.14542600000000006,-0.8953289999999999,0.11662499999999998,-0.039641999999999955,-0.9256179999999999,0.26517100000000005,0.185068,0.03028900000000001,0.19711,0.9970881889891476,single,-0.8953289999999999
134,0.558333,walk,1.658494,-1.171661,0.938322,0.010259,-0.027053,-0.642543,0.04368698991836398,0.18843014882382023,-0.014642342774838621,0.008044725013940978,0.22305874378015395,-0.046569823872025094,0.46759481517044155,1.2102736437830022,-0.07465194431108943,-0.0028804608737160275,-0.0031204992798945625,-0.002880460873739762,-0.1467799999999999,0.149683,-0.895579,0.11643100000000017,-0.04044000000000003,-0.925569,0.2632110000000001,0.19012300000000004,0.02998999999999996,0.2001,0.9914476082867655,single,-0.895579
135,0.5625,walk,1.658701,-1.170816,0.9383,0.010396,-0.027586,-0.642439,0.04967602591794256,0.20278377729781094,-0.005279577633781215,-0.21574410316385587,0.1522494771654701,-0.059728948951910395,0.4677225821934158,1.23374130069595,-0.06551475881929454,-0.007919366450725109,-0.007679385649102403,0.0011999040076793276,-0.145038,0.1539790000000001,-0.89583,0.11619099999999993,-0.041316999999999826,-0.925542,0.26122899999999993,0.19529599999999991,0.02971199999999996,0.20288,0.9815060746793143,single,-0.89583
136,0.566667,walk,1.658901,-1.170005,0.938293,0.010535,-0.028174,-0.642317,0.04799616030716977,0.194624430045623,-0.0016798656107461464,-0.23361656247479926,0.17159872353790742,-0.07029274592840727,0.565154787617012,1.2954163666906582,-0.11567074634029267,-0.004079673626093978,-0.004799616030748949,0.0021598272138229563,-0.14288299999999987,0.15856599999999998,-0.896305,0.11597400000000002,-0.042148000000000074,-0.9255260000000001,0.2588569999999999,0.20071400000000006,0.029221000000000052,0.20779000000000003,0.988901338352501,single,-0.896305
137,0.570833,walk,1.659104,-1.169118,0.938197,0.010177,-0.028695,-0.642348,0.04872779644742033,0.21291406625056636,-0.023043686989941414,-0.028819850223167683,0.3026588814892211,0.016563266639875555,0.4167066730676809,1.2585213634181187,-0.08449351896303357,0.0014402304368580138,0.005760921747485354,-0.0014402304368700894,-0.14134999999999986,0.162922,-0.8965609999999999,0.11577700000000002,-0.04301099999999991,-0.9254359999999999,0.2571269999999999,0.20593299999999992,0.028874999999999984,0.21125000000000005,0.9898160329161758,single,-0.8965609999999999
138,0.575,walk,1.659224,-1.168287,0.938152,0.010181,-0.02896,-0.642354,0.028797696184334604,0.19942404607632397,-0.010799136069105493,-0.08316100888257716,0.09640568466022223,0.005590566201624455,0.4214062874969768,1.2901367890569113,-0.08375329973602322,-0.0007199424046017042,0.0007199424046017042,-0.0016798656107511866,-0.13971400000000012,0.16746700000000003,-0.896865,0.11565399999999992,-0.04383899999999996,-0.9253979999999999,0.25536800000000004,0.211306,0.02853299999999992,0.21467000000000008,0.9967261208015941,single,-0.896865
139,0.579167,walk,1.659404,-1.167421,0.938061,0.010202,-0.02916,-0.642293,0.04319654427647411,0.20782337413007604,-0.021838252939753187,-0.07001741133260134,0.06614009548156047,-0.036363167341255116,0.3962083033357467,1.3112550995920285,-0.06191504679625447,-0.0016798656107195032,-0.0019198464122889224,-0.0021598272138229563,-0.13824300000000012,0.17206500000000002,-0.897032,0.11546699999999999,-0.044713,-0.925316,0.2537100000000001,0.21677800000000003,0.028283999999999976,0.21715999999999996,0.994429090361922,single,-0.897032
140,0.583333,walk,1.659423,-1.166522,0.938033,0.010385,-0.029239,-0.64256,0.004560729716752576,0.2157945271243357,-0.006721075372066247,-0.08902530453234632,-0.022869424068885823,0.1709523287490245,0.3987037926067958,1.331973115698517,-0.06649063850216183,-0.0002400384061785351,0.0002400384061785351,-0.00048007681228961336,-0.1366010000000002,0.17671500000000007,-0.897281,0.11544699999999986,-0.045610999999999846,-0.9252900000000001,0.25204800000000005,0.2223259999999999,0.02800900000000006,0.21991000000000005,0.9990200473104112,single,-0.897281
141,0.5875,walk,1.659565,-1.165556,0.937908,0.009993,-0.029819,-0.642641,0.03407727381806176,0.2318214542836609,-0.02999760019199443,-0.03411624955562777,0.33561887309798927,0.047586636242698814,0.37844972402211413,1.3148548116150636,-0.0815934725221976,-0.0014398848092033701,0.0011999040076339509,-0.0026397888168947707,-0.1351659999999999,0.18122800000000006,-0.897496,0.11529900000000004,-0.04657200000000006,-0.925176,0.25046499999999994,0.2278000000000001,0.027680000000000038,0.22320000000000007,0.9946041366438124,single,-0.897496
142,0.591667,walk,1.659678,-1.164717,0.937904,0.010523,-0.029797,-0.642899,0.027117830573561045,0.20134389248860757,-0.0009599232061444612,-0.1853244951934334,-0.16712900622188553,0.1712682668696522,0.36333093352531887,1.3556515478761633,-0.05111591072714094,0.0028797696184067402,0.0026397888168906074,-0.0011999040076793276,-0.1337649999999999,0.18603800000000004,-0.897705,0.11519799999999991,-0.04740000000000011,-0.9251769999999999,0.24896299999999982,0.23343800000000015,0.02747199999999994,0.22528000000000004,0.9931887903504337,single,-0.897705
143,0.595833,walk,1.659809,-1.163773,0.937855,0.010744,-0.030303,-0.643111,0.031445031205018396,0.22659625540088343,-0.011761881901096257,-0.2353561653740041,0.1216565567697065,0.14083995540431826,0.33917426788284283,1.4183869419107287,-0.05184829572731793,-0.006721075372039776,-0.0038406144982703725,-0.00048007681229004254,-0.13248300000000013,0.19100299999999992,-0.897872,0.11503899999999989,-0.04835999999999996,-0.92513,0.24752200000000002,0.23936299999999988,0.027258000000000004,0.22742000000000007,0.987073536228743,single,-0.897872
144,0.6,walk,1.659742,-1.162848,0.937819,0.010452,-0.030588,-0.643583,-0.016078713702913066,0.22198224142064688,-0.00863930885530015,0.024043620831296714,0.20308347824717807,0.29200342434203347,0.3911687065034816,1.4010079193664424,0.003359731221502284,-0.005519558435297348,-0.005279577633834501,0.006239500839932753,-0.13078600000000007,0.1959160000000001,-0.897822,0.11508300000000005,-0.04930699999999999,-0.925068,0.24586900000000012,0.24522300000000008,0.027245999999999992,0.22754000000000002,0.9835623369426026,single,-0.897822
145,0.604167,walk,1.659881,-1.161853,0.937708,0.010826,-0.03064,-0.644211,0.03335733141346008,0.2387808975282149,-0.026637868970475494,-0.14679846197629096,-0.085422013182403,0.40128819312038133,0.3309335253179766,1.3594912407007411,-0.060955123590111675,0.0059995200383829005,-0.003839692824577845,0.013678905687544833,-0.12954599999999994,0.20058600000000004,-0.897965,0.1149690000000001,-0.050318000000000085,-0.9248999999999999,0.24451500000000004,0.2509040000000001,0.02693499999999993,0.23065000000000002,0.9742960258970406,single,-0.897965
146,0.608333,walk,1.659971,-1.160876,0.937656,0.011028,-0.030968,-0.644661,0.021603456553083402,0.23451752280364976,-0.01248199711952495,-0.17098409761229094,0.0660193033686028,0.2888220959125473,0.31493038886221286,1.3602976476236135,-0.040806529044647946,0.0038406144983235695,-0.006240998559735826,0.008641382621219287,-0.1283240000000001,0.20527600000000001,-0.8980830000000001,0.11489499999999997,-0.05132099999999995,-0.9248120000000001,0.24321900000000007,0.25659699999999996,0.026729000000000003,0.23271000000000008,0.9811163006542041,single,-0.8980830000000001
147,0.6125,walk,1.660089,-1.15992,0.937547,0.010509,-0.031395,-0.64521,0.028317734581195,0.22942164626828643,-0.026157907367416584,0.06377988528520365,0.327079312958289,0.33824723467719503,0.3112550995920551,1.3623710103191744,-0.028317734581233298,0.0021598272138050553,-0.004079673626093978,0.006719462443004568,-0.12714499999999984,0.2099970000000001,-0.898092,0.11478600000000005,-0.05229399999999984,-0.924675,0.2419309999999999,0.26229099999999994,0.026583000000000023,0.23417000000000004,0.9864128567703091,single,-0.898092
148,0.616667,walk,1.660165,-1.15887,0.93746,0.01151,-0.031091,-0.645662,0.018238540916718605,0.25197984161267467,-0.020878329733635927,-0.2676994889279041,-0.4132899045709471,0.30112218976554306,0.31677465802736093,1.3777297816174958,-0.01871850251979751,0.00095992320617113,-0.0016798656107728342,0.0023998080153587193,-0.12590099999999982,0.2146880000000001,-0.898083,0.1147140000000002,-0.053350999999999926,-0.924578,0.24061500000000002,0.268039,0.026495000000000046,0.23504999999999998,0.9948623179830614,single,-0.898083
149,0.620833,walk,1.660249,-1.157928,0.937361,0.011503,-0.031405,-0.646294,0.02016322611622539,0.22611617858857364,-0.023763802208343773,-0.08835523854513684,0.12882967361553194,0.39918379175680885,0.306048967834833,1.3710993759001284,-0.019683149303889973,-0.000960153624607542,-0.000480076812303771,0.00048007681229002974,-0.1247100000000001,0.21945800000000004,-0.898066,0.1146259999999999,-0.05429499999999998,-0.924477,0.239336,0.273753,0.026410999999999962,0.23589000000000004,0.9980400946208658,single,-0.898066
150,0.625,walk,1.66036,-1.155729,0.937281,0.009837,-0.032819,-0.643896,0.026637868970475494,0.5277177825774046,-0.01919846412286258,0.14581598373113006,0.9909383481907467,-1.5276435573351854,0.3050155987521028,1.365010799136065,-0.00479961603071731,-0.005039596832265082,-0.00023998080151613289,-0.001679865610751142,-0.12355000000000005,0.222947,-0.8980060000000001,0.11449399999999987,-0.05649499999999996,-0.924404,0.23804399999999992,0.27944199999999997,0.02639799999999992,0.23602000000000006,0.9911373010934315,single,-0.8980060000000001
151,0.629167,walk,1.660507,-1.15441,0.937253,0.010198,-0.033501,-0.644506,0.035277177825749004,0.31653467722583634,-0.006719462443011228,-0.3361875411005666,0.15015869735068726,0.39591485558642225,0.28053755699543237,1.3640508759299206,0.01679865610751142,-0.0043196544276101105,0.0007199424046016851,-0.008159347252219595,-0.12252799999999997,0.22731199999999996,-0.897908,0.11432900000000012,-0.05781100000000006,-0.92441,0.2368570000000001,0.285123,0.026501999999999915,0.23498000000000002,0.9845662095980012,single,-0.897908
152,0.633333,walk,1.660573,-1.153296,0.937112,0.008997,-0.033984,-0.644174,0.01584253480559805,0.26740278444547205,-0.033845415266456465,0.2869398510920748,0.5426791308916217,-0.22819758795157,0.2803648583773541,1.364138262121937,0.021843494959193646,-0.005760921747485354,0.0026404224675907915,-0.00048007681229002974,-0.12142600000000003,0.23188100000000011,-0.8976759999999999,0.11423899999999998,-0.05891399999999991,-0.924271,0.235665,0.290795,0.026595000000000035,0.23405000000000004,0.9894077434030396,single,-0.8976759999999999
153,0.6375,walk,1.660616,-1.152045,0.936992,0.009957,-0.033467,-0.645436,0.010319174466046572,0.30021598272141514,-0.028797696184281317,-0.1761815861651437,-0.4637507518236258,0.8068815672818245,0.27357811375088564,1.3486921046316451,0.013438924886009493,-0.004319654427663512,0.003599712023061808,-0.0035997120230380785,-0.12032900000000013,0.23624999999999996,-0.8975000000000001,0.11417799999999989,-0.060149999999999926,-0.924166,0.23450700000000002,0.2963999999999999,0.026665999999999968,0.23334000000000005,0.9888725480015248,single,-0.8975000000000001
154,0.641667,walk,1.660711,-1.150836,0.936902,0.010084,-0.03363,-0.645982,0.022798176145897648,0.290136789056877,-0.021598272138237055,-0.09048516163484904,0.030525896151527825,0.34712469023136516,0.27597792176625285,1.3467722582193469,0.03719702423806124,-0.005279577633781215,0.0021598272138050553,-0.005999520038397054,-0.1192740000000001,0.240653,-0.897255,0.11406099999999997,-0.061350000000000016,-0.9241010000000001,0.23333500000000007,0.302003,0.026846000000000037,0.23154000000000002,0.9862025531472361,single,-0.897255
155,0.645833,walk,1.660765,-1.149579,0.936794,0.010414,-0.033854,-0.646551,0.012962073931828721,0.30172827652425893,-0.025924147863657442,-0.18349309078666007,-0.00955932531483875,0.366673195965762,0.2712433989438489,1.3302928468554804,0.021843494959193646,-0.0038406144983235695,0.000480076812303771,-0.005760921747479524,-0.11819800000000003,0.24493799999999988,-0.897056,0.11399099999999995,-0.06260500000000002,-0.924017,0.23218899999999998,0.3075429999999999,0.026961000000000013,0.23038999999999998,0.9884326833934971,single,-0.897056
156,0.65,walk,1.660819,-1.148328,0.936712,0.010677,-0.033701,-0.647044,0.012958963282936905,0.30021598272135386,-0.019678425725948134,-0.04277806481936511,-0.1283670324670276,0.31413736145809146,0.2654187664986904,1.3239740820734227,0.042476601871849116,-0.004079673626093978,0.000959923206117818,-0.005759539236860939,-0.11714599999999997,0.24920399999999998,-0.896797,0.11392000000000002,-0.06385200000000002,-0.923959,0.231066,0.313056,0.02716200000000002,0.22838000000000003,0.9881282920729306,single,-0.896797
157,0.654167,walk,1.660849,-1.147026,0.936549,0.011428,-0.034019,-0.647463,0.0071994240460701376,0.3124550035996891,-0.03911687065035349,-0.36846866342080864,-0.10865532090128256,0.2823179005319886,0.2663786897048082,1.326853851691856,0.0647948164146862,-0.005519558435350634,0.003839692824577845,-0.003359731221502284,-0.116066,0.2534310000000001,-0.8963639999999999,0.11386699999999994,-0.06513799999999992,-0.92381,0.22993299999999994,0.318569,0.02744600000000008,0.22554000000000002,0.9874726343785227,single,-0.8963639999999999
158,0.658333,walk,1.660887,-1.145632,0.936473,0.011598,-0.034486,-0.647837,0.009121459433505395,0.3346135381661434,-0.01824291886701079,-0.20305498599407035,0.125465342583034,0.2432006831165968,0.25876140182427754,1.2882861257801608,0.05496879500720259,-0.006240998559735992,0.0016802688430365936,-0.004800768122900009,-0.11502600000000007,0.25740399999999997,-0.896059,0.1138030000000001,-0.06652499999999995,-0.923754,0.22882900000000017,0.3239289999999999,0.027694999999999914,0.22305000000000003,0.9865814451662633,single,-0.896059
159,0.6625,walk,1.660967,-1.144246,0.936429,0.012764,-0.03512,-0.648194,0.019198464122889225,0.33261339092869613,-0.010559155267589073,-0.6190107030652708,-0.12321417497393268,0.2552883106833936,0.2606191504679948,1.292536597072225,0.07727381809455253,0.0028797696184067402,0.011519078473680248,-0.019198464122870074,-0.11402000000000001,0.2614040000000001,-0.895693,0.11373499999999992,-0.067863,-0.92379,0.22775499999999993,0.3292670000000001,0.02809700000000004,0.21903,0.9623774865489414,single,-0.895693
160,0.666667,walk,1.660996,-1.142808,0.936146,0.012882,-0.034991,-0.648426,0.006959443244500718,0.34509239260860075,-0.06791456683463404,-0.0002194355396575764,-0.07910934813898729,0.14782326480047422,0.2560595152387619,1.2522198224142107,0.0376769858411318,-0.013918886489054722,-0.00023998080151613289,-0.006479481641468453,-0.11298199999999992,0.2651840000000001,-0.8952530000000001,0.1136480000000002,-0.06930199999999997,-0.9235340000000001,0.2266300000000001,0.33448600000000006,0.028281,0.21719,0.9744082980993181,single,-0.8952530000000001
161,0.670833,walk,1.661035,-1.141359,0.935983,0.013647,-0.035541,-0.648859,0.009361497839683687,0.34781565050408847,-0.03912626020163805,-0.44571169355274765,-0.027840351677367814,0.29451675393155224,0.24315890542485114,1.252520403264508,0.06192990878540593,0.006721075372039597,0.0040806529044488055,-0.010081613058089375,-0.11200800000000011,0.268953,-0.894832,0.11363699999999999,-0.07073400000000007,-0.923413,0.2256450000000001,0.33968700000000007,0.02858100000000008,0.21419,0.9786911922138428,single,-0.894832
162,0.675,walk,1.661018,-1.139818,0.935779,0.013995,-0.035483,-0.648992,-0.004079673626093978,0.3698104151667873,-0.048956083513314236,-0.10736763453013645,-0.12666515977931422,0.0912648530639588,0.2524598032157535,1.2462203023758012,0.09959203263738793,0.009359251259875193,-0.030957523398085603,0.03863690904727585,-0.11093900000000012,0.272605,-0.894213,0.11369299999999982,-0.07240399999999991,-0.923048,0.22463199999999994,0.3450089999999999,0.028834999999999944,0.21165,0.9160229102040331,single,-0.894213
163,0.679167,walk,1.661042,-1.138255,0.935521,0.014252,-0.035292,-0.64926,0.005759539236813634,0.37508999280057853,-0.06191504679625279,-0.03117856368984556,-0.14407758681169966,0.17348307180399172,0.25221982241419083,1.1996640268778667,0.07703383729301846,-0.002159827213805113,0.005279577633781356,-0.003359731221502373,-0.10991200000000001,0.276041,-0.893634,0.1136600000000001,-0.07394499999999993,-0.9228040000000001,0.2235720000000001,0.3499859999999999,0.02917000000000003,0.20829999999999999,0.9889663913094084,single,-0.893634
164,0.683333,walk,1.661034,-1.136715,0.935095,0.014229,-0.034643,-0.649221,-0.0019203072491617847,0.3696591454632971,-0.10225636101777176,0.21044758572459188,-0.2308380692562241,-0.029808204465471673,0.25732117138746596,1.212193951032164,0.11089774363898147,-0.0026404224675907915,0.0014402304368580138,-0.0031204992798845687,-0.10883199999999982,0.2795509999999999,-0.892746,0.11365700000000012,-0.07547900000000007,-0.922391,0.22248899999999994,0.35502999999999996,0.02964499999999992,0.20355000000000006,0.9927766562309007,single,-0.892746
165,0.6875,walk,1.661016,-1.135193,0.934656,0.01465,-0.03354,-0.649607,-0.0043196544276101105,0.3652507799376078,-0.10535157187424138,0.19464414618816664,-0.5259306109663208,0.2450157758530403,0.25557955363567636,1.1663066954643746,0.09527237820974285,0.0026397888168906074,-0.005519558435350634,-0.0028797696184304695,-0.1077490000000001,0.28288899999999995,-0.8919100000000001,0.11368599999999995,-0.0770240000000002,-0.921964,0.22143500000000005,0.35991300000000015,0.030053999999999914,0.19946000000000003,0.9887296993811332,single,-0.8919100000000001
166,0.691667,walk,1.661094,-1.13354,0.93426,0.015817,-0.03307,-0.649925,0.01871850251980367,0.39668826493877896,-0.09503239740822172,-0.2756274142903018,-0.5284805175021464,0.22404809715903765,0.2387808975282149,1.1427885769138222,0.09527237820974285,-0.00023998080151613289,0.0016798656107727896,0.0,-0.10683200000000004,0.285998,-0.8911169999999999,0.11360700000000001,-0.07867000000000002,-0.9215679999999999,0.22043900000000005,0.364668,0.030451000000000006,0.19549000000000005,0.9971717991312923,single,-0.8911169999999999
167,0.695833,walk,1.661179,-1.131884,0.933792,0.01682,-0.032692,-0.650051,0.020403264522297324,0.39750360057611633,-0.1123379740758578,-0.24643477645743814,-0.4479708071015641,0.0996581765320343,0.22755640902543164,1.0964954392702864,0.06265002400383993,-0.0002400384061785351,-0.0009601536245542427,0.0031204992798845687,-0.10596899999999998,0.2889099999999999,-0.890388,0.11352099999999998,-0.08033000000000001,-0.921087,0.21948999999999996,0.3692399999999999,0.030699000000000032,0.19301000000000007,0.9945438543379086,single,-0.890388
168,0.7,walk,1.661203,-1.13019,0.933291,0.018411,-0.032119,-0.650301,0.00575953923686692,0.4065274778017505,-0.12023038156947041,-0.3987217302935462,-0.6995502811804786,0.19148680741380245,0.23062155027597983,1.104871610271212,0.08807295416366841,0.0011999040076872693,0.0007199424046017042,0.0002399808015361217,-0.10503200000000001,0.2918200000000001,-0.88952,0.11350199999999999,-0.0820209999999999,-0.920585,0.218534,0.373841,0.03106500000000001,0.18935000000000007,0.9976337573861631,single,-0.88952
169,0.704167,walk,1.661117,-1.128491,0.933042,0.018999,-0.031968,-0.650397,-0.020638348932092595,0.4077273818094802,-0.059755219582419444,-0.1663334904525536,-0.23626678472358148,0.07376328868430648,0.22366210703141967,1.0350371970242063,0.07175425965922687,-0.0019198464122889224,0.00047996160303226577,-0.004319654427645913,-0.10401400000000005,0.29443399999999986,-0.8889720000000001,0.11358000000000001,-0.08371800000000018,-0.920354,0.21759400000000007,0.37815200000000004,0.03138199999999991,0.18618,0.9920810375677105,single,-0.8889720000000001
170,0.708333,walk,1.661119,-1.126876,0.93283,0.018925,-0.032206,-0.650244,0.000480076812303771,0.38766202592412885,-0.05088814210273399,-0.048577621333959355,0.1064930782631212,-0.097750911012757,0.21603456553051423,1.0256841094575322,0.04944791166586765,-0.0007201152184290069,0.0019203072491617847,-0.004560729716754659,-0.10311599999999999,0.297092,-0.8885540000000001,0.11357499999999998,-0.0853250000000001,-0.920161,0.21669099999999997,0.3824170000000001,0.03160699999999994,0.18392999999999998,0.9916655998335737,single,-0.8885540000000001
171,0.7125,walk,1.661101,-1.125213,0.932891,0.017574,-0.033356,-0.650179,-0.004319654427663397,0.39908807295415344,0.01463882889368305,0.13246627014859086,0.8392868256406684,-0.06686144069929507,0.21766258699303678,0.9980801535876844,0.06119510439164779,0.003599712023061712,0.0023998080153744745,-0.003359731221502284,-0.10219099999999992,0.29958799999999997,-0.88836,0.11360800000000015,-0.086978,-0.920236,0.21579900000000007,0.38656599999999997,0.031876000000000015,0.18124,0.9908705605867052,single,-0.88836
172,0.716667,walk,1.661051,-1.123508,0.932599,0.017963,-0.033474,-0.650251,-0.011999040076765801,0.4091672666186836,-0.07007439404849237,-0.1779917705153734,-0.07659013775094307,0.05517264545638703,0.17926565874731162,0.965442764578826,0.05975521958243276,-0.008159347252241243,0.0021598272138050553,-0.0028797696184304695,-0.10139399999999998,0.3019059999999999,-0.8878189999999999,0.11362399999999995,-0.08867400000000014,-0.919956,0.21501799999999993,0.39058000000000004,0.03213700000000008,0.17863,0.9851364657418655,single,-0.8878189999999999
173,0.720833,walk,1.661021,-1.121736,0.932395,0.018012,-0.033861,-0.650272,-0.007201152184343559,0.4253480556888936,-0.04896783485357351,-0.13864074284966577,0.1264508988005933,0.016650024819522158,0.1994719155064925,0.9325492078732904,0.04872779644743328,-0.0031204992798946458,0.0024003840614656197,-0.005520883341334865,-0.10053299999999998,0.30401900000000004,-0.887412,0.11364099999999988,-0.09043599999999996,-0.919775,0.21417399999999986,0.394455,0.03236300000000003,0.17636999999999997,0.9886986342680053,single,-0.887412
174,0.725,walk,1.660917,-1.119997,0.931973,0.017619,-0.033761,-0.650258,-0.024958003359755992,0.41732661387092485,-0.10127189824812076,0.17432370926229626,0.08569776649134783,-0.01873555400718971,0.250059995200379,0.8960883129349619,0.03215742740580615,-0.000959923206117818,-0.0011999040076872372,-0.003839692824573682,-0.09938699999999989,0.3060139999999999,-0.8868560000000001,0.11374100000000009,-0.09218000000000015,-0.9193690000000001,0.21312799999999998,0.39819400000000005,0.032513000000000014,0.17487000000000003,0.9931070762580604,single,-0.8868560000000001
175,0.729167,walk,1.66081,-1.118225,0.931608,0.018404,-0.033752,-0.650432,-0.025677945764357675,0.42524598032154337,-0.08759299256060882,-0.28166110343646916,-0.24409780116851548,0.12828319857158657,0.18070554355651497,0.8639308855291625,0.037437005039597356,-0.0019198464122889224,0.0026397888168906074,-0.003599712023038399,-0.09852699999999981,0.30784200000000006,-0.886335,0.11384000000000016,-0.09394100000000005,-0.919019,0.21236699999999997,0.4017830000000001,0.032684000000000046,0.17315999999999998,0.991901265206259,single,-0.886335
176,0.733333,walk,1.660779,-1.1163,0.93137,0.018379,-0.033847,-0.650291,-0.007441190590468603,0.4620739318290814,-0.05712914066249647,-0.021810867985318252,0.039262128288628094,-0.0891282245955555,0.21843494959192647,0.8274123859817512,0.0213634181469032,-0.0036005760921983335,0.0024003840614655555,-0.005520883341334301,-0.09758599999999995,0.3093640000000001,-0.886008,0.11385599999999996,-0.09585599999999994,-0.9188040000000001,0.2114419999999999,0.40522,0.03279600000000005,0.17204000000000003,0.9883088180538979,single,-0.886008
177,0.7375,walk,1.660758,-1.114441,0.931055,0.018979,-0.03376,-0.650398,-0.005039596832265082,0.4461243100552054,-0.07559395248381637,-0.19050692662721957,-0.21633296473564742,0.08162660260406782,0.20182385409163983,0.7955363570914162,0.015358771298296393,-0.0016798656107195032,0.0014398848092033701,-0.004079673626110214,-0.09672400000000003,0.31082,-0.885629,0.11387000000000014,-0.09770900000000005,-0.9185059999999999,0.21059400000000017,0.40852900000000003,0.032876999999999934,0.17123,0.9922649869587425,single,-0.885629
178,0.741667,walk,1.660695,-1.11255,0.93069,0.019369,-0.033502,-0.650489,-0.015118790496742363,0.4538036957043732,-0.0875929925605845,-0.060678470208573886,-0.21362263118740227,0.06552741746414237,0.16942644588435538,0.7511399088073282,0.004799616030717439,-0.0031197504199762427,0.0019198464122889736,-0.006719462443004746,-0.09595500000000001,0.312059,-0.885244,0.11392000000000002,-0.09959200000000012,-0.918169,0.20987500000000003,0.4116510000000001,0.03292499999999998,0.17075,0.9872448454370757,single,-0.885244
179,0.745833,walk,1.660655,-1.110597,0.930334,0.020046,-0.033247,-0.650661,-0.009601536245808923,0.468795007201121,-0.08545367258761948,-0.1655547008893855,-0.30021530305064426,0.12367339056120934,0.1929908785405728,0.7138742198751605,-0.01488238118098884,-0.0033605376860197985,-0.00024003840612523588,-0.002880460873739762,-0.09511099999999995,0.31308,-0.88495,0.1139460000000001,-0.10154599999999991,-0.917825,0.20905700000000005,0.41462599999999994,0.03287499999999999,0.17125,0.9926123438499826,single,-0.88495
180,0.75,walk,1.660641,-1.108712,0.930008,0.020282,-0.033131,-0.650506,-0.0033597312214922927,0.4523638108951577,-0.07823374130070698,-0.05088901628719342,-0.11950562669004765,-0.09244691417838687,0.22990160787137198,0.6678665706743362,-0.039116870650348495,-0.0016798656107727896,0.0004799616030855522,-0.004319654427645496,-0.09413899999999997,0.31397799999999987,-0.884787,0.11395299999999997,-0.103429,-0.9175169999999999,0.20809199999999994,0.41740699999999986,0.032729999999999926,0.17270000000000008,0.9922340261423146,single,-0.884787
181,0.754167,walk,1.660561,-1.106755,0.929603,0.020721,-0.033244,-0.650731,-0.019198464122889225,0.4696424286057047,-0.09719222462202678,-0.19356687670739137,-0.09039593270292906,0.1533587955787863,0.18958483321330463,0.6277897768178649,-0.05183585313174762,-0.0014398848092033701,-0.0004799616030855522,-0.005039596832253425,-0.09326900000000005,0.31463699999999994,-0.884598,0.1140270000000001,-0.10538800000000004,-0.917133,0.20729600000000015,0.420025,0.03253499999999998,0.17465000000000003,0.9912280168788685,single,-0.884598
182,0.758333,walk,1.660582,-1.104757,0.929282,0.021564,-0.032969,-0.650558,0.0050408065290563474,0.4795967354776627,-0.07705232837251667,-0.22236432469948472,-0.36738839625529507,-0.08990073096612766,0.1740278444551335,0.594335093614986,-0.06649063850216183,-0.0012001920307327777,0.0021603456552870205,-0.002880460873739762,-0.09256500000000001,0.31511500000000003,-0.8845540000000001,0.11400100000000002,-0.10737700000000006,-0.9168240000000001,0.20656600000000003,0.4224920000000001,0.03227000000000002,0.17730000000000007,0.9936744325888902,single,-0.8845540000000001
183,0.7625,walk,1.660627,-1.102354,0.929177,0.022273,-0.032046,-0.651159,0.010799136069132137,0.5766738660907076,-0.025197984161272797,0.03447641802862563,-0.5432851339797048,0.39473224490702497,0.17326613870893331,0.549076073914087,-0.07487401007919503,0.000479961603085565,0.0014398848092034085,-0.005519558435325387,-0.09188799999999997,0.31500000000000006,-0.884761,0.113958,-0.10977400000000004,-0.9167420000000001,0.20584599999999997,0.4247740000000001,0.03198100000000004,0.18019000000000007,0.9904592749045091,single,-0.884761
184,0.766667,walk,1.66061,-1.100311,0.9288,0.022605,-0.03225,-0.650976,-0.004079673626147264,0.4902807775377973,-0.0904727621790422,-0.1858710794985019,-0.03362788887857116,-0.10677556997201543,0.20854331653462443,0.508999280057601,-0.10751139908807142,0.0,0.0019198464122889224,-0.0045596352291816114,-0.09100200000000003,0.3150780000000001,-0.884832,0.11397500000000016,-0.11180900000000005,-0.916384,0.2049770000000002,0.4268870000000001,0.031552000000000024,0.18448000000000003,0.9917544483928922,single,-0.884832
185,0.770833,walk,1.660544,-1.098213,0.928495,0.022681,-0.031731,-0.650849,-0.015842534805544747,0.5036005760921584,-0.07321171387421975,0.133960925187675,-0.21599361282265414,-0.079413189355169,0.17474795967356252,0.465914546327405,-0.11977916466634639,0.0012001920306794786,0.0012001920307327777,-0.004320691310609852,-0.09020800000000007,0.3149210000000001,-0.885026,0.11404599999999987,-0.11390199999999995,-0.9160969999999999,0.20425399999999994,0.42882300000000007,0.03107099999999996,0.18929,0.9922631302585319,single,-0.885026
186,0.775,walk,1.660325,-1.096088,0.928253,0.022846,-0.031399,-0.650984,-0.0525557955363493,0.5099592032637721,-0.058075353971673294,0.04456814421168177,-0.16927692513926368,0.08836730672414388,0.2066234701223888,0.43292536597072573,-0.13654907607391306,0.0011999040076872372,0.0033597312214922927,-0.006239500839932753,-0.0891280000000001,0.3146,-0.885353,0.11426999999999987,-0.11601300000000014,-0.915881,0.20339799999999997,0.43061300000000013,0.030528,0.19472,0.9880209750165068,single,-0.885353
187,0.779167,walk,1.660275,-1.094046,0.927786,0.02362,-0.031332,-0.650709,-0.011999040076819087,0.4900407967362279,-0.11207103431725261,-0.2624787878097649,-0.2724681567627,-0.1548379559904432,0.16942644588435085,0.3820494360450959,-0.14398848092152597,0.0004799616030855522,0.0007199424046549715,-0.0014398848092150266,-0.0883719999999999,0.31415000000000004,-0.885486,0.11432200000000003,-0.11805199999999982,-0.91542,0.20269399999999993,0.43220199999999986,0.029934000000000016,0.20066000000000006,0.9972002239820414,single,-0.885486
188,0.783333,walk,1.660215,-1.092112,0.927273,0.024114,-0.031642,-0.650589,-0.014402304368687118,0.4642342774844341,-0.12313970235237613,-0.2776353091501057,-0.04395460978950383,-0.06319963286306193,0.1915506481036666,0.34517522803650685,-0.17042726836294136,0.00024003840612524228,0.0007201152184290261,-0.005520883341334865,-0.08751400000000009,0.313654,-0.885683,0.1143829999999999,-0.11998299999999995,-0.91493,0.201897,0.43363699999999994,0.029247000000000023,0.20753,0.9907119645013274,single,-0.885683
189,0.7875,walk,1.660099,-1.089817,0.926922,0.024412,-0.031678,-0.650058,-0.02783777297816273,0.5507559395248185,-0.08423326133908988,-0.12263781540250974,-0.09283751630085259,-0.3278155646454815,0.17782577393810825,0.29349652027836926,-0.17614590832733212,0.0,0.0028797696184067402,-0.00479961603071731,-0.08665699999999998,0.312582,-0.886066,0.1144989999999999,-0.12226599999999999,-0.914599,0.2011559999999999,0.434848,0.02853300000000003,0.21466999999999997,0.9906712232704067,single,-0.886066
190,0.791667,walk,1.660027,-1.087701,0.926369,0.024979,-0.032451,-0.64969,-0.0172786177106003,0.5077993760499138,-0.1327093832493452,-0.4501870373803852,0.09630310008386833,-0.21683428778276687,0.1619870410367113,0.257019438444933,-0.19342452603791577,0.0019198464122889224,0.0011999040076872372,-0.0031197504199665846,-0.08590999999999993,0.31153700000000006,-0.886319,0.11457899999999999,-0.12437699999999996,-0.914059,0.20048899999999992,0.435914,0.027739999999999987,0.22260000000000002,0.993575562593303,single,-0.886319
191,0.795833,walk,1.659926,-1.085547,0.925797,0.026149,-0.032336,-0.649699,-0.024243879020620893,0.5170427268362908,-0.13730196831493435,-0.39088334042344236,-0.4060552691876324,0.036298025963037946,0.15362457993278286,0.20763322131541143,-0.2004320691310614,0.0031204992798945625,0.0012001920307327777,-0.0026404224675949557,-0.08516900000000005,0.3102480000000001,-0.886582,0.11469299999999993,-0.12652599999999992,-0.913498,0.19986199999999998,0.436774,0.02691600000000005,0.23084,0.9928995681911752,single,-0.886582
192,0.8,walk,1.66001,-1.083385,0.925422,0.027002,-0.033282,-0.649314,0.020158387329007044,0.5188384929205617,-0.08999280057595664,-0.6084783948669928,0.069800124685066,-0.2196601746279833,0.14854811615074215,0.16270698344131299,-0.23446124310054986,0.0019198464122889224,-0.0009599232061711044,-0.0026397888168943544,-0.08463399999999988,0.30876400000000004,-0.887184,0.11461699999999997,-0.12869200000000003,-0.913134,0.19925099999999984,0.43745600000000007,0.02595000000000003,0.2405,0.9943294748904912,single,-0.887184
193,0.804167,walk,1.65998,-1.081241,0.925064,0.026067,-0.032954,-0.648473,-0.007199424046070329,0.5145188384929653,-0.08591312694983831,0.43945210733776724,0.14873288817832767,-0.5555887226076275,0.13222942164626317,0.11999040076795428,-0.2301415886729109,0.004559635229179651,0.000479961603085565,-0.0009599232061436541,-0.08405299999999993,0.30711999999999995,-0.887785,0.11466599999999993,-0.13083400000000012,-0.91278,0.19871899999999987,0.43795400000000007,0.02499499999999999,0.26457352425039954,0.9921929360467399,single,-0.887785
194,0.808333,walk,1.659874,-1.079089,0.924521,0.025914,-0.032529,-0.648146,-0.025444071051353673,0.516562650023987,-0.13034085453671623,0.18675712923027785,-0.11633475592568501,-0.2107517666419057,0.11473835813729671,0.09265482477196284,-0.2515602496399423,0.0028804608737693265,0.0012001920307327777,-0.004080652904464629,-0.08346900000000002,0.305354,-0.88829,0.114784,-0.13298100000000002,-0.912254,0.198253,0.43833500000000003,0.023963999999999985,0.2743548371888428,0.991438256297364,single,-0.88829
195,0.8125,walk,1.659869,-1.076839,0.924187,0.025221,-0.032831,-0.64719,-0.0011999040076872372,0.5399568034556866,-0.0801535877129959,0.15428778826989392,0.3010425506672293,-0.6198051334424082,0.11783057355411938,0.06335493160545451,-0.27069834413246663,0.004799616030695663,0.0007199424046016851,0.0007199424046075133,-0.08297299999999996,0.3033680000000001,-0.889084,0.11480899999999994,-0.1352279999999999,-0.911917,0.1977819999999999,0.438596,0.022832999999999992,0.27166999999999997,0.9918226348691432,single,-0.889084
196,0.816667,walk,1.659552,-1.074463,0.9237,0.026172,-0.031951,-0.64734,-0.07607391408690192,0.5701943844492771,-0.11687065034797492,-0.07320857873653414,-0.6131741418404365,0.11833668000125562,0.10607151427881642,0.03791696664266625,-0.27717782577393674,0.00623950083995232,0.0011999040076872372,-0.0021598272138229563,-0.08221400000000001,0.3011499999999999,-0.889752,0.11515200000000014,-0.13759900000000003,-0.911439,0.19736600000000015,0.43874899999999994,0.021687000000000012,0.2844751159994156,0.98881518962151,single,-0.889752
197,0.820833,walk,1.659291,-1.071907,0.923403,0.026573,-0.031042,-0.647382,-0.06265002400380329,0.6135381661065773,-0.07129140662505797,0.13645700449479473,-0.4560213535077171,0.03695803085229451,0.08065290446474166,0.02280364858378953,-0.2714834373499758,0.0040806529044488055,0.0031204992798945625,0.0002400384061452231,-0.08161700000000005,0.298689,-0.890586,0.11542999999999992,-0.140142,-0.911141,0.19704699999999997,0.43883099999999997,0.02055499999999999,0.3209049940939265,0.9914289145120816,single,-0.890586
198,0.825,walk,1.659178,-1.069507,0.923103,0.026189,-0.030312,-0.647417,-0.02711783057356177,0.5759539236861059,-0.07199424046075657,0.36779358670577206,-0.14710355217528334,0.012024109401980575,0.08999280057595904,0.025437964962788936,-0.29061675065995196,0.005519558435350781,0.0011999040076872693,0.0021598272138230136,-0.081129,0.29639499999999996,-0.891497,0.11556600000000006,-0.1425369999999999,-0.910832,0.19669500000000006,0.4389319999999999,0.01933499999999999,0.30665,0.989921123775373,single,-0.891497
199,0.829167,walk,1.658812,-1.066906,0.922811,0.027321,-0.030339,-0.646729,-0.0878329733621516,0.6241900647948297,-0.07007439404846574,-0.4250830045000064,-0.35843744476404016,-0.4039196736855682,0.054955603551723776,0.042716582673388556,-0.2634989200863915,0.005279577633781215,0.0019198464122889224,-0.0002399808015361153,-0.08053399999999988,0.2939719999999999,-0.8923030000000001,0.11595400000000011,-0.14512999999999998,-0.910541,0.196488,0.4391019999999999,0.018237999999999976,0.3633913935701258,0.9906284501129146,single,-0.8923030000000001
200,0.833333,walk,1.65854,-1.064322,0.922563,0.027607,-0.030564,-0.64646,-0.06529044647144738,0.6202592414786169,-0.05952952472396202,-0.17559423295862228,-0.013115304325910421,-0.16234311300247092,0.027364378300515458,0.0607297167546948,-0.23283725396063404,0.007441190590468603,0.005520883341306819,0.00048007681229002974,-0.08014799999999989,0.29164100000000004,-0.8930250000000001,0.11625700000000005,-0.14769100000000002,-0.9102910000000001,0.19640499999999994,0.43933200000000006,0.017266000000000004,0.42371030678270366,0.9845366073851736,single,-0.8930250000000001
201,0.8375,walk,1.658048,-1.061761,0.922262,0.026789,-0.029286,-0.646152,-0.11807055435563552,0.6145908327333851,-0.07223422126229744,0.695622915267116,-0.22256627182595295,-0.21318045502835953,0.03575713942883455,0.09167266618670279,-0.224382049436043,0.005519558435350634,0.0067194624429845855,0.0026397888168947707,-0.079507,0.289462,-0.893659,0.1167720000000001,-0.15022400000000014,-0.909979,0.1962790000000001,0.43968600000000013,0.01632,0.4284504940106432,0.9848539347022134,single,-0.893659
202,0.841667,walk,1.657785,-1.059237,0.921985,0.026851,-0.030732,-0.645794,-0.06311495080391173,0.6057115430765422,-0.06647468202543066,-0.47300774024349473,0.5016939621222039,-0.2246639471604056,0.01823854091671812,0.1175905927525766,-0.19942404607631198,0.0043196544276101105,0.007919366450725109,-0.0002399808015361153,-0.07916800000000013,0.287428,-0.894213,0.11705299999999985,-0.15271499999999993,-0.909703,0.19622099999999998,0.44014299999999995,0.015490000000000004,0.45805226381075087,0.9849599266642646,single,-0.894213
203,0.845833,walk,1.657748,-1.057004,0.921406,0.024757,-0.031021,-0.644253,-0.008881421027380152,0.5360057609217445,-0.13898223715797461,0.6716574673105972,0.7150407761643096,-1.0206101591497592,0.00840134421507637,0.13850216034564417,-0.18026884301488746,0.005280844935235023,0.008881421027326853,0.002160345655304983,-0.07909600000000006,0.285772,-0.894385,0.1171120000000001,-0.15491100000000002,-0.9091149999999999,0.19620800000000016,0.44068300000000005,0.01472999999999991,0.47355517730703456,0.9824062782626999,single,-0.894385
204,0.85,walk,1.657334,-1.054355,0.921354,0.025351,-0.030987,-0.64333,-0.09935205183583184,0.6357091432685633,-0.012479001679851352,-0.2119505157415635,-0.21842163159447214,-0.5641155119507026,-0.012718982481367486,0.15718742500601565,-0.1463882889368838,0.0050395968322117955,0.01223902087833522,0.003359731221502284,-0.078735,0.283778,-0.894943,0.11754699999999985,-0.15750900000000012,-0.909049,0.19628199999999985,0.4412870000000001,0.014105999999999952,0.5003192229122349,0.9772404499792882,double,-0.894943
205,0.854167,walk,1.657032,-1.051744,0.921186,0.025229,-0.031172,-0.642502,-0.07247420206384021,0.626589872810151,-0.040316774658040726,-0.016249705460870716,0.08518975403657948,-0.5215719734307348,-0.04679625629953582,0.16918646508278146,-0.10679145668346474,0.0019198464122889224,0.0172786177106003,0.00479961603071731,-0.07862800000000014,0.281872,-0.8952199999999999,0.11785699999999988,-0.16004799999999997,-0.9088609999999999,0.19648500000000002,0.44192,0.013641000000000014,0.5211381996955411,0.9699411339443673,double,-0.8952199999999999
206,0.858333,walk,1.656318,-1.048957,0.920983,0.023901,-0.031258,-0.641897,-0.1713874219875427,0.6689870379260905,-0.04872779644742033,0.4589135054823517,0.42570244665361034,-0.41189693610556233,-0.037926068170878624,0.17354776764282973,-0.11593855016802698,0.000480076812303771,0.021603456553030104,0.006481036965914777,-0.07807199999999992,0.27980799999999995,-0.8955,0.11857300000000004,-0.16274500000000014,-0.908631,0.19664499999999996,0.4425530000000001,0.013131000000000004,0.5151406881958965,0.9624003675794444,double,-0.8955
207,0.8625,walk,1.655984,-1.046361,0.92082,0.022956,-0.030802,-0.641183,-0.0801535877129959,0.6229901607870892,-0.03911687065035349,0.4845048911094309,0.10567304529362771,-0.47008931398637915,-0.018958483321319806,0.17326613870890206,-0.13342932565394605,-0.005759539236866767,0.02735781137507718,0.0035997120230379827,-0.0778169999999998,0.2779340000000001,-0.8958929999999999,0.11888300000000007,-0.165227,-0.908453,0.19669999999999987,0.44316100000000014,0.012560000000000016,0.5085525672519424,0.9530195057584736,double,-0.8958929999999999
208,0.866667,walk,1.655547,-1.04369,0.920693,0.022344,-0.030703,-0.640816,-0.10487161027113198,0.6409887209023616,-0.03047756179505415,0.2537931089394983,0.14301371196449975,-0.24420717800132277,-0.029757619390452447,0.17350611951042283,-0.12982961363091194,-0.0009599232061178436,0.02711783057356177,0.012479001679865839,-0.07750400000000002,0.27598599999999995,-0.896307,0.11931599999999998,-0.16778500000000007,-0.908274,0.19682,0.443771,0.011967000000000061,0.515769313103718,0.9502220578049055,double,-0.896307
209,0.870833,walk,1.654991,-1.041091,0.92036,0.021618,-0.031067,-0.640304,-0.13346135381661078,0.6238598175708152,-0.079932789246286,0.15235826665213292,0.3454618546816329,-0.33628219271186266,-0.05544887181951322,0.16202592414788566,-0.14066250600095997,0.0,0.03312530004800081,0.012241958713394301,-0.07717900000000011,0.27406200000000003,-0.8965599999999999,0.11987199999999998,-0.17024600000000012,-0.90789,0.1970510000000001,0.44430800000000015,0.011330000000000062,0.5173427577064023,0.9411416234506145,double,-0.8965599999999999
210,0.875,walk,1.654459,-1.038308,0.92019,0.021019,-0.03073,-0.640348,-0.12766978641713342,0.6678665706743362,-0.040796736261099635,0.32472554594207825,0.06054111058729727,0.012610628059471683,-0.03215742740582613,0.14662826973839993,-0.16750659947204113,-0.0023998080153744745,0.035037197024286156,0.017998560115190746,-0.07678099999999999,0.27188999999999997,-0.897088,0.12039400000000011,-0.1728829999999999,-0.9076449999999999,0.1971750000000001,0.44477299999999986,0.010556999999999928,0.5195507213184609,0.9342286701254212,double,-0.897088
211,0.879167,walk,1.653742,-1.035587,0.919954,0.020897,-0.030639,-0.64033,-0.17206623470118818,0.6529877609791103,-0.05663546916244328,0.07284721059983154,0.0034818779145544512,-0.014270825823133907,-0.022318214542812097,0.10655147588192862,-0.16366690664746744,0.005519558435297348,0.004079673626093978,0.02711783057355397,-0.07615700000000003,0.269613,-0.897534,0.12113399999999985,-0.17558699999999994,-0.9072960000000001,0.19729099999999988,0.44519999999999993,0.009762000000000048,0.5747700691517298,0.9533784147144955,double,-0.897534
212,0.883333,walk,1.653094,-1.032786,0.919744,0.020686,-0.029663,-0.640661,-0.15554488718194465,0.6723475756121102,-0.050408065290456876,0.3802859182050475,-0.2878811081308987,0.1999192257817539,0.021843494959208638,0.0789726356217051,-0.13898223715794508,-0.0026404224675907915,0.028564570331248235,0.02544407105136783,-0.07541799999999999,0.26714099999999996,-0.897903,0.12177099999999985,-0.178269,-0.90698,0.19718899999999984,0.44541,0.009077000000000002,0.6403337080619139,0.9360923569889232,double,-0.897903
213,0.8875,walk,1.652577,-1.030105,0.919559,0.021125,-0.028886,-0.640317,-0.12407007439407501,0.6433885289176828,-0.044396448284135887,0.07544900567164925,-0.4287738774900209,-0.20645297550694372,0.04391648668102368,0.059035277177819326,-0.1135109191264715,-0.00047996160303227857,0.032157427405826985,0.03215742740580825,-0.07471800000000006,0.264706,-0.898191,0.12228600000000012,-0.18081599999999987,-0.906661,0.19700400000000018,0.44552199999999986,0.008470000000000089,0.6898464416214207,0.9241999956416513,double,-0.898191
214,0.891667,walk,1.652006,-1.027392,0.919245,0.019952,-0.029626,-0.640106,-0.13702903767695532,0.6510679145668213,-0.07535397168227359,0.20344025026059734,0.6283891651027909,-0.15648090299931852,0.06743460523162842,0.04127669786418519,-0.07967362610991119,0.0011999040076339509,0.028557715382764418,0.03599712023038149,-0.07386599999999999,0.2621650000000001,-0.898209,0.1228619999999998,-0.18340999999999985,-0.906197,0.1967279999999998,0.44557499999999994,0.007987999999999995,0.7330439721781341,0.9233917696909382,double,-0.898209
215,0.895833,walk,1.651426,-1.024622,0.919155,0.019264,-0.029337,-0.639959,-0.13922227556409614,0.6649063850216417,-0.021603456553030104,0.34165058679923865,0.10138823707664991,-0.10757975193751595,0.07777244359097232,0.03096495439271379,-0.06817090734517507,0.0012001920307327777,0.03504560729716259,0.051848295727316134,-0.07296199999999997,0.259524,-0.8984030000000001,0.12344699999999986,-0.18603400000000003,-0.905891,0.19640899999999983,0.445558,0.007487999999999939,0.7451921287191396,0.8956783709764632,double,-0.8984030000000001
216,0.9,walk,1.650892,-1.02192,0.91892,0.018359,-0.029896,-0.639469,-0.12814974802016568,0.6484281257499308,-0.056395488360953795,0.15860389692134122,0.47363444735782684,-0.32406501829921996,0.06983441324689632,0.03383729301654563,-0.059515238780896644,-0.0033597312214922927,0.03023758099348392,0.05951523878089706,-0.07213700000000012,0.25696299999999994,-0.898416,0.12396699999999994,-0.18861000000000017,-0.905408,0.19610400000000006,0.4455730000000001,0.006991999999999998,0.7670882541338963,0.8885990381878075,double,-0.898416
217,0.904167,walk,1.650377,-1.019167,0.918825,0.017193,-0.030375,-0.639069,-0.12359011279098614,0.660667146628266,-0.022798176145897648,0.28005914674395455,0.5260200494974511,-0.2730589052247922,0.05735541156709825,0.03335733141348672,-0.06551475881929454,-0.0035997120230084256,0.034317254619631185,0.06791456683465277,-0.07138299999999997,0.25434899999999994,-0.898594,0.1244670000000001,-0.19122000000000017,-0.90503,0.19585000000000008,0.4455690000000001,0.006435999999999997,0.7802324853614184,0.8730374040250031,double,-0.898594
218,0.908333,walk,1.64976,-1.016454,0.918484,0.016914,-0.030272,-0.638554,-0.14810369659148,0.6512241958713479,-0.08185309649544996,0.1306290045661831,0.036951720109754414,-0.32787261273555773,0.03240518482957267,0.03360537686030548,-0.06913106096975696,-0.009361497839683937,0.03552568410946731,0.07873259721555657,-0.07063099999999989,0.251776,-0.8985409999999999,0.12504500000000007,-0.1937850000000001,-0.904361,0.19567599999999996,0.4455610000000001,0.005820000000000047,0.802770417330957,0.8551961696950441,double,-0.8985409999999999
219,0.9125,walk,1.649165,-1.013731,0.918579,0.0152,-0.030229,-0.638008,-0.14278857691382207,0.6534677225821959,0.022798176145924293,0.6416768138837625,0.4978906182413926,-0.3762001712902263,0.023758099352068754,0.04103671706261577,-0.07271418286536967,-0.045356371490279164,0.08039356851451203,0.055675545956322965,-0.06993699999999992,0.2492239999999999,-0.898939,0.12545099999999998,-0.19617300000000015,-0.904224,0.1953879999999999,0.44539700000000004,0.005284999999999984,0.8024682436644868,0.8203391102444171,double,-0.898939
220,0.916667,walk,1.648647,-1.010953,0.918338,0.014533,-0.030451,-0.637355,-0.12431005519558783,0.6666666666666489,-0.05783537317015716,0.17279605918722746,0.27354578599902485,-0.4192923453229959,0.026157907367389942,0.04223662107032965,-0.06479481641468703,-0.033117350611943944,0.0551955843532932,0.05447564194864364,-0.06930999999999998,0.246622,-0.898968,0.12583100000000003,-0.19872099999999993,-0.903756,0.195141,0.44534299999999993,0.0047880000000000145,0.8160385649092124,0.8594563431866102,double,-0.898968
221,0.920833,walk,1.648039,-1.008199,0.918124,0.014574,-0.029909,-0.636931,-0.14594335093613572,0.6610657705232648,-0.051368218915011116,0.14707828722262115,-0.22123840246365847,-0.2658387226653386,0.026884301488264987,0.03528564570331448,-0.05232837253960616,-0.04776764282286608,0.049207873259724096,0.07513202112337987,-0.06858999999999993,0.2440150000000001,-0.8989720000000001,0.1262399999999999,-0.20126999999999984,-0.9032290000000001,0.19482999999999984,0.44528499999999993,0.004256999999999955,0.8430949534645414,0.8304582721825131,double,-0.8989720000000001
222,0.925,walk,1.647424,-1.005381,0.918206,0.013535,-0.029119,-0.636661,-0.14758819294457104,0.6762658987280935,0.01967842572592149,0.6236234878934775,0.019779995417198545,-0.19265609364935593,0.023998080153584886,0.02951763858890888,-0.03911687065034766,-0.05327573794095099,0.048236141108685904,0.09911207103431655,-0.06787499999999991,0.2413200000000001,-0.8992169999999999,0.126633,-0.20388699999999993,-0.902898,0.1945079999999999,0.445207,0.0036810000000000453,0.8722484985279096,0.7959559403045418,double,-0.8992169999999999
223,0.929167,walk,1.64681,-1.002576,0.918151,0.012984,-0.029057,-0.636302,-0.14734821214300553,0.6731461483081885,-0.01319894408445339,0.21968797287811667,0.13880639466756467,-0.23417213619642538,0.013438924885969528,0.02279817614589826,-0.032157427405807834,-0.0650347972162024,0.03455723542114824,0.12431005519558656,-0.06720500000000018,0.23860999999999988,-0.8992960000000001,0.12697599999999998,-0.20654800000000018,-0.902325,0.19418100000000016,0.44515800000000005,0.0030289999999999484,0.9002985521163449,0.7591870412791807,double,-0.8992960000000001
224,0.933333,walk,1.646126,-0.999739,0.918217,0.012174,-0.02859,-0.636201,-0.16418626980319934,0.680988958233285,0.015842534805544747,0.44168663281578024,0.07240766728752286,-0.08058581736549372,0.007921267402825673,0.016562650024000404,-0.02880460873739762,-0.054248679788780445,0.05760921747480024,0.126500240038406,-0.06648799999999988,0.235842,-0.8994819999999999,0.12743400000000005,-0.20914500000000003,-0.901864,0.19392199999999993,0.444987,0.0023820000000001063,0.9192498932998845,0.7513142772792066,double,-0.8994819999999999
225,0.9375,walk,1.645491,-0.996943,0.918027,0.012163,-0.028612,-0.635899,-0.1523878089752667,0.6709863210943123,-0.045596352291795296,-0.0053427372976672044,0.00633121624159839,-0.18774726038786899,0.0033597312214922927,0.011759059275276311,-0.02639788816894687,-0.047516198704084224,0.057595392368614384,0.15286777057835307,-0.06583899999999998,0.23309500000000005,-0.899402,0.12787100000000007,-0.21170100000000003,-0.9010370000000001,0.19371000000000005,0.4447960000000001,0.001635000000000053,0.9351614054447293,0.7164531508287649,double,-0.899402
226,0.941667,walk,1.645079,-0.994087,0.918436,0.010963,-0.027848,-0.635499,-0.09887209023279958,0.6853851691864525,0.09815214782817125,0.6740250668142,0.07597836452102631,-0.2748253745165829,0.0016798656107195032,0.012958963282936905,-0.02639788816894604,-0.031437485001224445,0.06671466282697344,0.15646748260139065,-0.06542000000000003,0.23029300000000008,-0.8999210000000001,0.12815200000000004,-0.214279,-0.900794,0.19357200000000008,0.4445720000000001,0.0008729999999999016,0.9421781026820683,0.7117040736647717,double,-0.8999210000000001
227,0.945833,walk,1.644797,-0.990989,0.919839,0.005402,-0.036419,-0.633416,-0.06769083053285964,0.7436389822371683,0.3367738838213949,-0.5755938338467085,4.841427542717984,-1.3223967190969064,0.009841574651987458,0.014642342774838621,-0.02112337974075881,-0.03288526164187557,0.07033125300050373,0.19515122419587067,-0.06509699999999996,0.227256,-0.901412,0.12829699999999988,-0.21708399999999994,-0.901384,0.19339399999999984,0.44433999999999996,2.8000000000028002e-05,0.9541302579386534,0.6496726782505667,double,-0.901384
228,0.95,walk,1.643744,-0.988187,0.918851,0.007565,-0.030073,-0.63363,-0.2526997840172764,0.6724262059035336,-0.23710103191744844,1.1308081025297676,-3.012668721844259,0.10963543585576686,0.019198464122836448,0.012239020878335546,-0.01511879049676068,-0.02735781137507791,0.08543316534677939,0.19798416126710225,-0.06396400000000013,0.22450500000000007,-0.9004869999999999,0.1292359999999999,-0.2195299999999999,-0.899571,0.19320000000000004,0.44403499999999996,0.0009159999999999169,0.9544492809295351,0.628574736166061,double,-0.899571
229,0.954167,walk,1.642989,-0.985315,0.919094,0.006728,-0.029298,-0.633582,-0.18118550515960052,0.6892248620110304,0.05831533477321607,0.5458199881538124,-0.034277102141635124,-0.05049315973991682,0.019198464122889225,0.009359251259901835,-0.013918886489080533,-0.02447804175667044,0.0861531077513788,0.21670266378689565,-0.06312899999999999,0.2216720000000001,-0.9007879999999999,0.12988899999999992,-0.22204299999999988,-0.898911,0.1930179999999999,0.44371499999999997,0.0018769999999999065,0.9575110468631438,0.5904274887924765,double,-0.898911
230,0.958333,walk,1.642279,-0.982704,0.918959,0.007099,-0.029713,-0.633626,-0.17042726836293517,0.6267402784445578,-0.032405184829571804,-0.26348268743738446,0.04209375899010631,0.0369373416667599,0.011761881901095944,0.007441190590495253,-0.016082573211714125,-0.023283725396066653,0.0957753240518574,0.23379740758521325,-0.062370000000000037,0.21909200000000006,-0.90072,0.1305019999999999,-0.22425499999999987,-0.897802,0.19287199999999993,0.44334699999999994,0.002917999999999976,0.9645519807648835,0.5479453391661488,double,-0.897802
231,0.9625,walk,1.641828,-0.979721,0.919372,0.006649,-0.028436,-0.634357,-0.10823134149267477,0.7158627309815325,0.09911207103431571,0.563879896627318,-0.32665848679773857,0.43550631052702726,-0.0023998080153744745,0.0033597312214922927,-0.01535877129829556,-0.02567794576430439,0.10391168706501137,0.25365970722342074,-0.06192900000000012,0.21612299999999995,-0.9011969999999999,0.13084600000000002,-0.22680500000000003,-0.897158,0.19277500000000014,0.442928,0.004038999999999904,0.9734932540984231,0.500745935536814,double,-0.897158
232,0.966667,walk,1.641911,-0.976709,0.920707,0.002886,-0.034812,-0.634701,0.019918406527437624,0.7228221742260332,0.3203743700504142,-0.5430650814293334,3.517946401152525,0.21446671558977984,-0.012479001679851352,0.003839692824577845,-0.013918886489080533,-0.008159347252241243,0.12119030477561167,0.25845932325413723,-0.0620639999999999,0.21312700000000007,-0.90259,0.1307290000000001,-0.22931199999999996,-0.8974160000000001,0.192793,0.442439,0.005173999999999901,0.968193111987742,0.4722963964189917,single,-0.8974160000000001
233,0.970833,walk,1.641095,-0.973902,0.920815,0.002868,-0.033617,-0.634845,-0.19587133941429405,0.6737878060489862,0.025924147863658133,0.3731100794015051,-0.43610109894852667,0.07452764220816538,-0.00960153624580918,0.0012001920307328098,-0.011761881901104585,-0.01344215074413285,0.13010081613059446,0.27028324531925857,-0.06128800000000001,0.2103250000000001,-0.9027470000000001,0.13148899999999997,-0.23157699999999992,-0.896398,0.19277699999999998,0.441902,0.006349000000000049,0.9746156311742316,0.43651,single,-0.896398
234,0.975,walk,1.640213,-0.9716,0.920799,0.003672,-0.031579,-0.636028,-0.21166306695465387,0.5524358051355912,-0.003839692824577845,0.3409720240308995,-0.9840056687391575,0.7258541004344305,-0.007919366450671823,0.0067194624429845855,-0.0074394048476120805,-0.00311975041997616,0.12335013198941673,0.27117830573553886,-0.06043899999999991,0.20805099999999999,-0.9027620000000001,0.13235799999999998,-0.23336500000000004,-0.895252,0.19279699999999989,0.44141600000000003,0.007510000000000017,0.9787075727474805,0.42834894688437,single,-0.895252
235,0.979167,walk,1.639312,-0.968949,0.920697,0.004851,-0.031604,-0.636241,-0.21622270218378012,0.6361891048716222,-0.02447804175667044,-0.44102348838270133,-0.34749672091647726,0.15281713042964057,-0.003839692824577845,0.0035997120230350688,-0.005279577633789541,0.009599232061444612,0.14710823134148548,0.28917686585073005,-0.05955400000000011,0.2054149999999999,-0.902682,0.13329899999999983,-0.23540300000000014,-0.893945,0.19285299999999994,0.44081800000000004,0.008736999999999995,0.9875752143292453,0.41263,single,-0.893945
236,0.983333,walk,1.638674,-0.965766,0.921791,0.002871,-0.028059,-0.636637,-0.1531445031205324,0.7640422467594655,0.26260201632262087,1.8211087963169978,-0.7034328648737129,0.1794318704492344,-0.00984157465193416,0.004800768122904461,-0.004320691310609852,-0.0024003840614122566,0.1713874219875427,0.2909265482477189,-0.058956999999999926,0.202252,-0.903794,0.13392700000000013,-0.23787199999999997,-0.893827,0.19288400000000006,0.44012399999999996,0.009966999999999948,0.980380541150212,0.40033,single,-0.893827
237,0.9875,walk,1.637816,-0.963091,0.922192,0.002607,-0.028193,-0.636713,-0.2059035277177871,0.6419486441084623,0.09623230141588232,0.05763465299961799,0.13123928704441076,0.04484358278351439,-0.011039116870647982,0.0021598272138316985,-0.006479481641468453,0.019918406527437624,0.19726421886246032,0.2543796496280283,-0.05814499999999989,0.19958600000000004,-0.904222,0.134868,-0.23972500000000008,-0.893168,0.19301299999999988,0.4393110000000001,0.011054000000000008,0.9783647254838848,0.38946,single,-0.893168
238,0.991667,walk,1.636633,-0.960525,0.921542,0.007725,-0.023785,-0.637813,-0.2838972882169322,0.6157907367410888,-0.15598752099833257,-0.5319291241386951,-3.182222953718787,0.7248658869719692,-0.009599232061444868,-0.0014398848092300517,-0.0069594432445408685,0.016798656107515197,0.18958483321336295,0.3376529877609852,-0.057002,0.1970139999999999,-0.903601,0.13612099999999994,-0.24150100000000008,-0.891111,0.19312299999999993,0.438515,0.012490000000000001,0.9800938050745707,0.3751,single,-0.891111
239,0.995833,walk,1.635839,-0.957753,0.921962,0.008517,-0.022626,-0.638216,-0.19059049447910725,0.6653864618338922,0.10081613058088709,0.06565979700490135,-0.6658251785168823,0.2562760723581255,-0.009601536245808923,-0.005520883341333468,-0.007201152184349197,0.026884301488264987,0.2124339894383159,0.3502160345655307,-0.056248000000000076,0.19421899999999992,-0.9040509999999999,0.137027,-0.24338800000000005,-0.890072,0.19327500000000009,0.43760699999999997,0.013978999999999964,0.9779819364605159,0.36021000000000003,single,-0.890072
240,1.0,walk,1.634893,-0.95524,0.92196,0.010307,-0.022627,-0.63832,-0.22702183825296526,0.6030717542596516,-0.000479961603058909,-0.6607009209367902,-0.5463439506863853,0.09092634297189918,-0.009359251259875193,-0.0028797696184067402,-0.005279577633789541,0.022318214542812097,0.24718022558197228,0.35565154787616654,-0.05534099999999986,0.19169400000000003,-0.904071,0.13806600000000002,-0.24487099999999995,-0.888588,0.19340699999999988,0.436565,0.015482999999999913,0.981458560136834,0.34517,single,-0.888588
241,1.004167,walk,1.63433,-0.952268,0.922844,0.009618,-0.021254,-0.638595,-0.1351091912646664,0.7132229421646153,0.21214302855771278,0.6771617331437251,-0.29259071637401113,0.15631113633800733,-0.00623950083995232,-0.004319654427663397,-0.003359731221502284,0.024238060955154305,0.25773938084953474,0.3779697624190036,-0.054804000000000075,0.18870399999999998,-0.904969,0.13873000000000002,-0.2467689999999999,-0.887897,0.1935340000000001,0.4354729999999999,0.017071999999999976,0.9861678134022556,0.32928,single,-0.887897
242,1.008333,walk,1.633613,-0.949622,0.923335,0.009964,-0.021246,-0.638612,-0.1721075372059763,0.6351416226596509,0.11785885741719442,-0.12522443981051107,-0.10876685701965595,0.015363302620225503,-0.0045607297167526975,-0.0014402304368580521,-0.006240998559769304,0.014642342774812361,0.28228516562647005,0.3955832933269434,-0.05410599999999999,0.186052,-0.905486,0.13950799999999997,-0.2482390000000001,-0.88674,0.19361399999999995,0.4342910000000001,0.01874600000000004,0.9868952317537592,0.31254,single,-0.88674
243,1.0125,walk,1.632778,-0.947107,0.923729,0.010343,-0.021528,-0.638776,-0.20038396928243646,0.6035517158627105,0.09455243580513618,-0.22539222374079898,-0.009756648221662964,0.10873032126247537,-0.0004799616030855522,-0.00767938564915569,-0.01103911687065048,0.006719462443037872,0.2843772498200102,0.41396688264938425,-0.053273000000000126,0.18350500000000003,-0.905926,0.14037100000000002,-0.24956900000000004,-0.885409,0.19364400000000015,0.43307400000000007,0.020517000000000007,0.977573240910517,0.29483000000000004,single,-0.885409
244,1.016667,walk,1.632064,-0.94448,0.924307,0.010478,-0.020486,-0.639017,-0.17134629229663978,0.6304295656347555,0.1387089032877281,0.2712625129829109,-0.4229985845958203,0.14886736428082242,-0.004799616030695663,-0.004799616030722306,-0.005999520038397054,-0.04559635229184859,0.2848572114230958,0.3861291096712232,-0.05257899999999993,0.18085799999999996,-0.906529,0.140895,-0.25100900000000004,-0.884378,0.19347399999999992,0.431867,0.022151000000000032,0.9849015390063529,0.27849,single,-0.884378
245,1.020833,walk,1.631344,-0.941921,0.924931,0.010341,-0.020139,-0.639216,-0.17282765242439613,0.6142582813249899,0.14978396543445532,0.15820176101957534,-0.0835357701193541,0.12109396246333039,-0.007921267402772164,-0.006961113778191297,-0.0014402304368696345,-0.013442150744132134,0.35813730196831683,0.4344695151224075,-0.05189199999999983,0.17827000000000004,-0.9071589999999999,0.141559,-0.25207599999999997,-0.883192,0.19345099999999982,0.430346,0.02396699999999996,0.9822613223896958,0.26033000000000006,single,-0.883192
246,1.025,walk,1.6306,-0.939383,0.925557,0.01024,-0.019769,-0.63959,-0.17854571634266614,0.6090712742980936,0.15022798176146965,0.15290503847782091,-0.1007663525379942,0.23088476504922278,-0.005039596832265351,-0.005039596832265351,-0.002639788816894911,-0.01655867530594621,0.3798896088312845,0.4677225821934457,-0.05116900000000002,0.17571099999999995,-0.9077959999999999,0.14223399999999997,-0.2530310000000001,-0.881869,0.193403,0.42874200000000007,0.025926999999999922,0.9873329432668216,0.24073000000000006,single,-0.881869
247,1.029167,walk,1.629698,-0.93691,0.92598,0.010744,-0.019834,-0.64,-0.21646268298534954,0.593472522198207,0.10151187904969018,-0.20365851125448808,-0.1254092254870586,0.26311295939021745,-0.004799616030748949,0.0014398848092300135,-0.006479481641468453,-0.04103671706261577,0.40244780417569903,0.45908327333813065,-0.05028700000000019,0.17324400000000006,-0.908246,0.142965,-0.2538269999999999,-0.880379,0.1932520000000002,0.427071,0.027866999999999975,0.9863482536069759,0.22132999999999997,single,-0.880379
248,1.033333,walk,1.629145,-0.934387,0.926579,0.010588,-0.019415,-0.640301,-0.13274123859817824,0.6056168987037888,0.1437830052808449,0.18789614814394126,-0.10274407983546678,0.18478575566838085,-0.0033605376860197087,-0.0031204992798944792,-0.007921267402783823,-0.030964954392712966,0.4390302448391283,0.4702352376380081,-0.049748000000000125,0.17070799999999997,-0.9088780000000001,0.143389,-0.2545210000000001,-0.879019,0.19313700000000011,0.4252290000000001,0.02985900000000008,0.9847450184310005,0.20141000000000003,single,-0.879019
249,1.0375,walk,1.628423,-0.931901,0.927184,0.010755,-0.018394,-0.640786,-0.1732661387089287,0.5965922726181832,0.14518838492919656,0.2548093595864105,-0.4215542861112302,0.3028718277501837,-0.000959923206117818,-0.0071994240460701376,-0.006479481641469285,-0.017758579313685855,0.4787616990640638,0.5099592032637354,-0.04902999999999991,0.168192,-0.90951,0.14403699999999997,-0.2550120000000001,-0.877499,0.19306699999999988,0.42320400000000014,0.03201100000000001,0.9837778579388374,0.17989000000000005,single,-0.877499
250,1.041667,walk,1.62753,-0.929464,0.927558,0.010991,-0.018427,-0.641371,-0.2143028557715559,0.5848332133429647,0.08975281977441865,-0.09446152972873312,-0.053046439974442694,0.36931981922822615,-0.00287976961846018,-0.0035997120230352605,-0.00527957763378899,0.006959443244554375,0.5267578593713149,0.5080393568514753,-0.048149,0.16574,-0.909906,0.14495900000000006,-0.255254,-0.875756,0.19310800000000006,0.420994,0.034150000000000014,0.988318469029252,0.15850000000000003,single,-0.875756
251,1.045833,walk,1.626739,-0.927014,0.928068,0.011252,-0.018044,-0.641935,-0.18987037926067318,0.5880940950551813,0.12241958713394059,0.02436266362989204,-0.21428060307450444,0.3554714538559721,-0.006240998559735659,-0.0019203072491617336,-0.0004800768122904334,0.004560729716752455,0.5777724435909702,0.5460873739798217,-0.04738399999999987,0.16328200000000004,-0.910418,0.14576900000000004,-0.2552969999999999,-0.873991,0.1931529999999999,0.4185789999999999,0.03642699999999999,0.9890877086758523,0.13573000000000002,single,-0.873991
252,1.05,walk,1.626354,-0.924473,0.928782,0.010653,-0.016936,-0.642266,-0.09239260859127783,0.6097912167026629,0.17134629229661313,0.5632898398323253,-0.21915718570443316,0.19743158009118053,-0.004079673626147264,-0.01223902087833522,-0.001679865610751142,0.01535877129831138,0.6121910247180107,0.5577153827693742,-0.04701600000000017,0.16069,-0.911139,0.14621799999999996,-0.25528699999999993,-0.872381,0.19323400000000013,0.41597699999999993,0.03875800000000007,0.9783167167931408,0.11242000000000002,single,-0.872381
253,1.054167,walk,1.625667,-0.922012,0.929245,0.010851,-0.01683,-0.642667,-0.16486681065517134,0.5905927525797736,0.11111111111110815,-0.038603437723930406,-0.09522858102085806,0.2535064305713841,-0.008159347252187955,-0.013918886489081366,0.0004799616030722306,0.00767938564915569,0.6726661867050318,0.5949124070074353,-0.04636299999999993,0.15817100000000006,-0.9116,0.1469370000000001,-0.254945,-0.8703649999999999,0.19330000000000003,0.41311600000000004,0.04123500000000002,0.9730978774165524,0.08765,single,-0.8703649999999999
254,1.058333,walk,1.625007,-0.91956,0.92975,0.010761,-0.016137,-0.642865,-0.1584253480556649,0.5885741718675164,0.1212193951032143,0.24772080726577217,-0.2247933500658994,0.12196356484376653,-0.006721075372093075,-0.006240998559762642,0.0002400384061443967,0.02784445511281997,0.692030724915997,0.6228996639462475,-0.04573100000000019,0.15569300000000008,-0.9121039999999999,0.14771299999999998,-0.254514,-0.8682749999999999,0.19344400000000017,0.4102070000000001,0.04382900000000001,0.9847083414517062,0.06170999999999993,single,-0.8682749999999999
255,1.0625,walk,1.624335,-0.917229,0.930215,0.01037,-0.015119,-0.643022,-0.1612670986321096,0.5593952483801452,0.1115910727141937,0.4584745330165772,-0.2518632844797488,0.09263696476531832,-0.0033597312214922927,-0.0016798656107727896,0.004079673626110629,0.011999040076765801,0.7628989680825579,0.6402687784977162,-0.04507300000000014,0.1533549999999999,-0.912552,0.14843499999999987,-0.25366600000000006,-0.866072,0.193508,0.40702099999999997,0.04648000000000008,0.9907573634042929,0.035199999999999954,single,-0.866072
256,1.066667,walk,1.623168,-0.914814,0.930346,0.011186,-0.013643,-0.643476,-0.2800575953924001,0.5795536357091257,0.0314374850011978,0.1571524925934498,-0.7893196839615954,0.29274863100100956,-0.005759539236866767,-0.0021598272138050553,-0.0026397888168947707,0.009599232061444612,0.8000959923205958,0.6129109671226257,-0.043930000000000025,0.15093100000000004,-0.912694,0.14964200000000005,-0.25274700000000005,-0.863649,0.19357200000000008,0.4036780000000001,0.049045000000000005,0.9888438319486603,0.009549999999999947,single,-0.863649
257,1.070833,walk,1.622742,-0.912493,0.930961,0.010477,-0.013135,-0.64377,-0.10225636101777448,0.5571291406625246,0.1476236197791762,0.41810740154636844,0.0354633469757631,0.17652874225328685,-0.0050408065290031825,-0.009121459433505395,-0.0009601536245800851,-0.0012001920307328098,0.8355736917907244,0.6051368218915172,-0.043524999999999814,0.14857200000000004,-0.913313,0.15006300000000006,-0.251587,-0.861743,0.19358799999999987,0.40015900000000004,0.051570000000000005,0.9825570256388679,0.0,single,-0.861743
258,1.075,walk,1.622218,-0.910244,0.931429,0.010792,-0.012301,-0.644595,-0.1257499400047912,0.5397168226541704,0.11231101511876874,0.1437808124997278,-0.39509126267682215,0.5210729502245882,-0.0019198464122889224,-0.005999520038409543,-0.002399808015358655,0.03503719702423287,0.8912886969042397,0.5617950563954831,-0.04300899999999985,0.14629800000000004,-0.9137909999999999,0.150733,-0.25012199999999996,-0.8598699999999999,0.19374199999999986,0.39642,0.053921,0.9887652412565294,0.0,single,-0.8598699999999999
259,1.079167,walk,1.621632,-0.907901,0.931883,0.011372,-0.011786,-0.64506,-0.14062874970001704,0.5622750179985786,0.10895128389730309,-0.05273168541485449,-0.36364980742990727,0.29795816172875156,0.002399808015321188,-0.010799136069105207,-0.005999520038397054,0.053035757139434855,0.9563234941204404,0.6539476841852614,-0.042413000000000034,0.14390999999999998,-0.91427,0.15154,-0.24848000000000015,-0.857599,0.19395300000000004,0.3923900000000001,0.05667100000000003,0.9790255009965423,0.0,single,-0.857599
260,1.083333,walk,1.621197,-0.905549,0.932399,0.011629,-0.011325,-0.645548,-0.104416706673056,0.5645703312529633,0.12385981757079856,0.04902771806521309,-0.2436786799387118,0.3099169319368626,-0.003840614498323467,-0.004560729716752455,-0.00048007681228960056,0.06889102256359057,1.023283725396066,0.6469035045607127,-0.04199400000000009,0.14153900000000008,-0.9147879999999999,0.1522619999999999,-0.24656899999999993,-0.85542,0.19425599999999998,0.388108,0.059367999999999976,0.9900304562374952,0.0,single,-0.85542
261,1.0875,walk,1.620657,-0.903216,0.932827,0.012089,-0.010594,-0.646072,-0.12958963282937594,0.559875209983234,0.10271178305735625,0.05831202470366159,-0.4051065193473627,0.33463129665661884,-0.013678905687539319,-0.0019198464122890248,0.0069594432445402215,-0.06743460523157872,1.0383969282457806,0.6748260139189162,-0.041511000000000076,0.13919800000000004,-0.915187,0.1525209999999999,-0.244575,-0.8530359999999999,0.19403199999999998,0.38377300000000003,0.06215100000000007,0.9742214494131398,0.0,single,-0.8530359999999999
262,1.091667,walk,1.620126,-0.900871,0.933276,0.012569,-0.00995,-0.646614,-0.127429805615564,0.5627549796016376,0.10775137988961586,0.02398444940834433,-0.37923726331518776,0.34702263654242543,-0.0033597312214922927,-0.003839692824577845,0.0,-0.03671706263495237,1.0940724742020507,0.5869930405567518,-0.040993999999999975,0.136837,-0.915636,0.15289900000000012,-0.24236100000000005,-0.851039,0.1938930000000001,0.37919800000000004,0.06459700000000002,0.9914965636247285,0.0,single,-0.851039
263,1.095833,walk,1.619734,-0.898544,0.933721,0.012942,-0.00924,-0.647108,-0.09409505520881835,0.5585693710993529,0.10681709073452149,0.08367833550833657,-0.3707680956117475,0.31638132371665234,-0.0004800768123037582,-0.008401344215075922,-0.002160345655304452,0.0052808449351814425,1.128420547287551,0.5045607297167392,-0.040604000000000084,0.134475,-0.9160900000000001,0.15331300000000003,-0.23998699999999995,-0.8493820000000001,0.19391700000000012,0.37446199999999996,0.06670799999999999,0.9855201143616112,0.0,single,-0.8493820000000001
264,1.1,walk,1.61921,-0.89601,0.934425,0.013582,-0.007235,-0.648413,-0.1257499400047912,0.6081113510919167,0.16894648428123868,0.38755543378340546,-0.9193143043409766,0.833741963018573,-0.004079673626093978,-0.0071994240460701376,-0.0026397888168947707,-0.021838252939779833,1.1790256779457422,0.43292536597071907,-0.04009700000000005,0.131911,-0.916805,0.15374599999999994,-0.23760800000000004,-0.848282,0.193843,0.36951900000000004,0.068523,0.9855235892561973,0.0,single,-0.848282
265,1.104167,walk,1.618645,-0.89369,0.934502,0.014542,-0.007896,-0.649255,-0.13558915286781245,0.5567554595632577,0.018478521718288524,-0.5583408999810914,-0.04921913393667981,0.5381629346071009,-0.0035997120230619037,-0.006959443244554375,0.0014398848092151033,-0.08927285817135971,1.3767698584114147,0.16918646508280044,-0.039547,0.12956199999999995,-0.916876,0.15393900000000005,-0.23419099999999993,-0.847654,0.19348600000000005,0.3637529999999999,0.069222,0.9867225080611587,0.0,single,-0.847654
266,1.108333,walk,1.618376,-0.891409,0.935295,0.01449,-0.005606,-0.649482,-0.06457033125296335,0.5475276044166862,0.19035045607295029,0.7324185823134657,-0.817511039102269,0.1522666824780863,-0.0014402304368579754,-0.008401344215075922,-0.001200192030724418,-0.07609217474793376,1.3446951512241314,0.2544407105136765,-0.0392840000000001,0.12724599999999997,-0.917674,0.153891,-0.23087000000000002,-0.847387,0.1931750000000001,0.358116,0.07028699999999999,0.9856533676771965,0.0,single,-0.847387
267,1.1125,walk,1.618041,-0.889005,0.9358,0.014631,-0.004782,-0.65019,-0.08039356851451203,0.576913846892235,0.12119030477561167,0.20313347106609125,-0.33806719945429076,0.45210122966469396,-0.004079673626093978,-0.00911927045835906,-0.0021598272138233727,-0.05519558435323991,1.4245260379169418,0.24166066714662499,-0.038966000000000056,0.12480400000000003,-0.918188,0.15399600000000002,-0.22733800000000004,-0.846885,0.19296200000000008,0.35214200000000007,0.071303,0.982964931254279,0.0,single,-0.846885
268,1.116667,walk,1.617479,-0.886683,0.935855,0.01545,-0.00588,-0.651016,-0.13486921046320355,0.5572354211663135,0.01319894408447968,-0.6444897814915733,0.15221429169232828,0.5237503342196242,-0.0014398848092033701,-0.005519558435323991,0.0019198464122872573,-0.07463402927769855,1.4194864410847299,0.1903047756179496,-0.03840999999999983,0.12245899999999998,-0.918235,0.15424700000000002,-0.22374499999999997,-0.846147,0.19265699999999986,0.34620399999999996,0.07208800000000004,0.9899688535285366,0.0,single,-0.846147
269,1.120833,walk,1.617285,-0.884391,0.936698,0.015592,-0.003379,-0.651537,-0.046567450792081244,0.5501680268843063,0.20235237638023523,0.7281680213745171,-0.9504600177728217,0.3447176054596746,-0.001920307249161836,-0.0074411905904954515,-0.0009601536245800851,-0.07153144503118511,1.4788766202592465,0.15098415746519944,-0.038224000000000036,0.12013600000000002,-0.9190820000000001,0.15414299999999992,-0.21987600000000007,-0.846361,0.19236699999999995,0.3400120000000001,0.07272100000000004,0.9870921220956115,0.0,single,-0.846361
270,1.125,walk,1.616998,-0.882005,0.937161,0.015705,-0.002539,-0.652224,-0.06887449004083179,0.5725941924645983,0.11111111111110815,0.2182427135220043,-0.335020841119766,0.441056357399574,0.0016798656107195032,-0.005759539236866767,0.0014398848092150266,-0.05519558435323991,1.5250779937605141,0.14398848092152597,-0.03793000000000002,0.117726,-0.919539,0.15420000000000011,-0.21590699999999996,-0.846224,0.19213000000000013,0.33363299999999996,0.07331500000000002,0.9897168545458959,0.0,single,-0.846224
271,1.129167,walk,1.616376,-0.879731,0.937008,0.016891,-0.004045,-0.653252,-0.14926805855529054,0.54571634269258,-0.03671706263500566,-0.908509670164508,0.18539672630863344,0.6513953111704952,-0.005279577633781215,-0.005519558435323991,0.003359731221502284,-0.04751619870413751,1.5397168226541704,0.1063114950803925,-0.037330000000000085,0.115429,-0.919372,0.15462399999999987,-0.21176499999999998,-0.8456279999999999,0.19195399999999996,0.327194,0.07374400000000003,0.9860928416521066,0.0,single,-0.8456279999999999
272,1.133333,walk,1.616234,-0.87748,0.937922,0.016671,-0.001363,-0.653601,-0.03408545367260926,0.5403264522323719,0.21939510321653988,0.9194029551963052,-0.9022313329858751,0.23815093488636094,0.0012001920307328098,-0.00840134421507637,-0.0014402304368697112,-0.016322611617848953,1.6586653864618701,0.1817090734517555,-0.037182999999999966,0.113143,-0.920292,0.154698,-0.207106,-0.845785,0.19188099999999997,0.320249,0.07450699999999999,0.9856533676771905,0.0,single,-0.845785
273,1.1375,walk,1.615682,-0.87515,0.93776,0.017967,-0.002798,-0.654841,-0.13246940244777577,0.5591552675786025,-0.038876889848810714,-0.928865670384556,0.1252274837649424,0.7866471947569499,0.0007199424046016851,-0.008159347252214599,0.0019198464122872573,0.019438444924405357,1.6265898728101509,0.2032637389008865,-0.036628000000000105,0.11077899999999996,-0.920122,0.15533099999999989,-0.20265800000000012,-0.8447760000000001,0.191959,0.3134370000000001,0.07534599999999991,0.9859782832229849,0.0,single,-0.8447760000000001
274,1.141667,walk,1.615282,-0.872938,0.938044,0.018562,-0.002765,-0.655561,-0.09599232061433954,0.5308375329973541,0.06815454763617682,-0.20993890832329298,-0.19190754390472242,0.4630169437896117,-0.0023998080153744745,-0.006479481641468453,0.0,-0.029517638588882233,1.6148308135349545,0.022558195344371524,-0.036238000000000214,0.10853999999999997,-0.920406,0.15560799999999997,-0.1981409999999999,-0.844966,0.19184600000000018,0.30668099999999987,0.07543999999999995,0.9884839772427014,0.0,single,-0.844966
275,1.145833,walk,1.614873,-0.870872,0.93838,0.019021,-0.002388,-0.656153,-0.09817570811332034,0.49591934709552465,0.08065290446471286,-0.0515914299655803,-0.27511430673532833,0.3837460364276637,0.0007201152184822869,-0.005040806529029563,0.0019203072491592351,0.035765722515590646,1.7021123379740193,0.03672587614018151,-0.035825999999999913,0.10645300000000002,-0.9207339999999999,0.15616600000000003,-0.19311599999999995,-0.845149,0.19199199999999994,0.299569,0.0755849999999999,0.9909299215484573,0.0,single,-0.845149
276,1.15,walk,1.614438,-0.868526,0.93885,0.019647,-0.001026,-0.657293,-0.10439164866810248,0.5629949604031836,0.11279097672186031,0.19439582383909457,-0.6787320730083807,0.742736304158359,-0.004559635229179773,-0.008159347252241676,-0.0028797696184302067,0.01655867530594621,1.743460523158192,-0.02327813774898111,-0.03540999999999994,0.10407299999999997,-0.9212159999999999,0.15666999999999986,-0.18819700000000006,-0.8457159999999999,0.1920799999999998,0.29227000000000003,0.07550000000000001,0.9836991569695618,0.0,single,-0.8457159999999999
277,1.154167,walk,1.614116,-0.866268,0.939326,0.019839,-0.00016,-0.658209,-0.07727381809453587,0.5418766498680022,0.1142308615310843,0.1966455337671864,-0.36467692876096663,0.5931219849873373,-0.002639788816943894,-0.0031197504199495167,0.001679865610751142,0.05423566114712209,1.6983441324693895,-0.011999040076792443,-0.03509900000000021,0.10180200000000006,-0.921685,0.15721799999999986,-0.18337800000000004,-0.8462419999999999,0.19231700000000007,0.2851800000000001,0.07544300000000004,0.9926358080795157,0.0,single,-0.8462419999999999
278,1.158333,walk,1.613823,-0.864,0.939708,0.020222,0.00041,-0.659286,-0.07033125300050186,0.5444071051368184,0.0916946711473795,0.03273606734774902,-0.3166309353039689,0.6960267176539627,-0.002160345655286963,-0.007681228996646934,0.0014402304368696345,0.040566490638521635,1.7409985597695576,-0.05640902544406929,-0.03481500000000004,0.09950199999999998,-0.922061,0.15768000000000004,-0.1783929999999999,-0.846859,0.19249500000000008,0.2778949999999999,0.07520199999999999,0.9864863612145469,0.0,single,-0.846859
279,1.1625,walk,1.613568,-0.861679,0.9401,0.02028,0.001083,-0.660351,-0.061195104391676095,0.5569954403647708,0.09407247420207727,0.18272184205880773,-0.250985095125459,0.6875317592429319,-0.022558195344381516,-0.005519558435323991,0.005279577633789541,0.06959443244538019,1.760259179265614,-0.054715622750181,-0.03465399999999996,0.09715799999999997,-0.922431,0.15822500000000006,-0.17337900000000006,-0.8474790000000001,0.19287900000000002,0.270537,0.07495199999999991,0.9603063242335255,0.0,single,-0.8474790000000001
280,1.166667,walk,1.613524,-0.859363,0.940512,0.020723,0.003207,-0.661662,-0.010559155267562993,0.5557955363571131,0.0988720902327782,0.5014767464252466,-0.893530257246386,0.864570977361164,0.005039596832265351,-0.014158867290624896,-0.002639788816894911,0.08399328053757822,1.78305735541166,-0.06455483561315185,-0.03458899999999998,0.09478299999999995,-0.9228540000000001,0.15861900000000007,-0.168265,-0.84816,0.19320800000000005,0.26304799999999995,0.07469400000000004,0.9745681988129085,0.0,single,-0.84816
281,1.170833,walk,1.613305,-0.857148,0.940898,0.021073,0.004064,-0.662663,-0.052568410945742494,0.5316850696111153,0.09265482477196037,0.1358022794494529,-0.41097010617638213,0.6537352476727024,0.01488238118099011,-0.008161305808924043,-0.0057609217474793705,0.07081132981275232,1.809889582333095,-0.08233317330772938,-0.034308000000000005,0.092534,-0.923264,0.15913299999999997,-0.16294000000000008,-0.848889,0.19344099999999997,0.2554740000000001,0.07437499999999997,0.9701261726634776,0.0,single,-0.848889
282,1.175,walk,1.613036,-0.854849,0.94132,0.021336,0.004593,-0.663463,-0.0645548356131684,0.5517158627309896,0.1012718982481474,0.06492038923561914,-0.26703084293919804,0.5209607152845697,-0.00911927045835906,-0.0033597312214922927,0.003359731221502284,0.1154307655387449,1.8881689464843168,-0.2658987281017493,-0.03407699999999991,0.090221,-0.923672,0.159883,-0.15737099999999993,-0.850419,0.1939599999999999,0.24759199999999992,0.07325300000000001,0.9828619428160836,0.0,single,-0.850419
283,1.179167,walk,1.61291,-0.852567,0.941716,0.021371,0.005419,-0.664371,-0.03023758099348392,0.5476361891048689,0.09503239740819508,0.24013803901606504,-0.30013925899570665,0.5932052494919062,-0.006959443244554005,-0.007919366450698465,-0.0038396928245745146,0.1603071754259918,1.8996880249579438,-0.059995200383968876,-0.03398000000000012,0.08790599999999993,-0.924084,0.16067699999999996,-0.15173700000000012,-0.851065,0.19465700000000008,0.23964300000000005,0.07301900000000006,0.9812996244659138,0.0,single,-0.851065
284,1.183333,walk,1.612696,-0.850364,0.942094,0.021981,0.006065,-0.665175,-0.05136821891506578,0.5288046087374009,0.09073451752280347,-0.02240161626741541,-0.4199209008393326,0.5287835251398577,-0.0045607297167526975,-0.0036005760921717796,0.008401344215074704,0.17258761401822678,1.9198271723476399,-0.09385501680268812,-0.033784999999999954,0.08568799999999999,-0.924427,0.16161000000000003,-0.14594200000000002,-0.851834,0.19539499999999999,0.23163,0.07259300000000002,0.9829749377252763,0.0,single,-0.851834
285,1.1875,walk,1.612378,-0.84783,0.94243,0.022097,0.00758,-0.666514,-0.07631389488836478,0.6081113510919167,0.0806335493160548,0.4254184335087623,-0.5691368085466679,0.8828752627215555,-0.01655867530594533,-0.011999040076792443,-0.0031197504199661683,0.0844732421406593,1.983921286297087,-0.3102951763858874,-0.03353600000000001,0.08310399999999996,-0.924776,0.16227999999999998,-0.14020900000000003,-0.853463,0.195816,0.22331299999999998,0.07131300000000007,0.9655237789945063,0.0,single,-0.853463
286,1.191667,walk,1.61209,-0.845782,0.942592,0.021517,0.007304,-0.666834,-0.06911447084234792,0.49148068154545793,0.038876889848810714,0.11514848535635305,0.28667520687600034,0.19871887080921422,-0.003359731221545579,-0.00767938564915569,0.0009599232061436286,-0.019678425725974776,2.03479721622269,-0.5229181665466723,-0.033262000000000125,0.08102399999999998,-0.924934,0.1624859999999999,-0.13377799999999995,-0.855804,0.19574800000000003,0.21480199999999994,0.06913000000000002,0.9859384082623011,0.0,single,-0.855804
287,1.195833,walk,1.611641,-0.843683,0.942656,0.02184,0.006857,-0.66786,-0.10777724435908145,0.5038406144983503,0.015362457993294687,-0.271753118436385,0.06379514598448745,0.6572590555000607,-0.006961113778165018,-0.006721075372039776,0.0007201152184348556,0.1891502640422543,1.9771963514162632,-0.20259241478637047,-0.03284200000000004,0.078897,-0.924995,0.16372299999999984,-0.1276400000000001,-0.856712,0.19656499999999988,0.20653700000000008,0.06828299999999998,0.9838283061839332,0.0,single,-0.856712
288,1.2,walk,1.611418,-0.841671,0.943011,0.021923,0.006662,-0.668905,-0.05351571874252041,0.4828413726901844,0.08519318454523434,-0.10543530742314257,0.050881767040874507,0.6721250297477326,-0.0071994240460701376,-0.010319174466046297,-0.00215982721382254,0.1979841612671153,1.9949604031677348,-0.2193424526037929,-0.03264899999999993,0.07684199999999997,-0.925359,0.164771,-0.12133900000000009,-0.8579810000000001,0.19741999999999993,0.19818100000000005,0.06737799999999994,0.9787226044664111,0.0,single,-0.8579810000000001
289,1.204167,walk,1.611201,-0.83956,0.943296,0.022126,0.006777,-0.669826,-0.05207583393326375,0.5065994720422266,0.06839452843771959,-0.047233559015454125,-0.09917153099330384,0.5980369460646313,-0.007199424046123424,-0.008399328053757375,0.0007199424046075133,-0.014398848092140275,2.13486921046315,-0.5704343652507733,-0.03246200000000021,0.07469599999999998,-0.925641,0.16492799999999996,-0.11455400000000004,-0.860643,0.19739000000000018,0.18925000000000003,0.064998,0.981523382989386,0.0,single,-0.860643
290,1.208333,walk,1.611174,-0.837179,0.943587,0.02265,0.008241,-0.670765,-0.006481036965914188,0.5715314450311813,0.06985117618817144,0.2716866478584185,-0.6829999861993447,0.6310635138194417,-0.006240998559735659,-0.0052808449351814425,0.00456072971675412,0.208113298127683,2.0165626500239466,-0.27004320691309897,-0.03246100000000007,0.07229300000000005,-0.925913,0.16582199999999991,-0.10853400000000002,-0.8620589999999999,0.198283,0.18082700000000007,0.06385400000000008,0.9843975036006218,0.0,single,-0.8620589999999999
291,1.2125,walk,1.611109,-0.83503,0.944022,0.022833,0.00948,-0.671526,-0.01559875209988163,0.5157187425006131,0.10439164866812913,0.3230485623477885,-0.4942687041398682,0.5120767637311364,-0.009359251259928978,-0.010319174466046847,-0.002159827213822655,0.21214302855769746,2.1139908807296544,-0.2908567314614975,-0.03243499999999999,0.07010100000000008,-0.926357,0.166771,-0.10187399999999991,-0.8637060000000001,0.199206,0.171975,0.0626509999999999,0.9765037946680294,0.0,single,-0.8637060000000001
292,1.216667,walk,1.610824,-0.832884,0.944049,0.023232,0.009011,-0.672381,-0.06839452843769295,0.5149988000960105,0.006479481641468453,-0.3054443850195522,0.043914762710709314,0.5489936231793651,-0.012239020878281933,-0.01535877129831138,0.0040796736261097975,0.21262299016082498,2.0890328773697857,-0.27237820974321775,-0.032200999999999924,0.06789099999999992,-0.926367,0.16794200000000004,-0.09531500000000004,-0.864868,0.20014299999999996,0.16320599999999996,0.06149900000000008,0.9665697565091615,0.0,single,-0.864868
293,1.220833,walk,1.610565,-0.830922,0.944295,0.023846,0.008965,-0.673281,-0.06216994719155116,0.4709553528564221,0.05904944791165668,-0.24615284370304683,-0.17544606062314186,0.5869712332977581,-0.015842534805597625,-0.012481997119524618,0.00936149783965429,0.2690830532885014,2.1284205472874977,-0.2604416706673003,-0.032008000000000036,0.06587700000000007,-0.926574,0.16932199999999997,-0.08840999999999999,-0.8661989999999999,0.20133,0.15428700000000006,0.06037500000000007,0.962940595624493,0.0,single,-0.8661989999999999
294,1.225,walk,1.61044,-0.828706,0.944517,0.02374,0.009264,-0.674128,-0.029997600191967788,0.5317974562034986,0.05327573794097763,0.12172457792515504,-0.06542358037367185,0.5540749938180214,-0.0011999040076872372,0.008159347252214599,0.0009599232061436286,0.2205423566114435,2.149268058555317,-0.3071754259659212,-0.03188800000000014,0.06369500000000006,-0.9267920000000001,0.1703659999999998,-0.08166999999999991,-0.8677010000000001,0.20225399999999993,0.14536499999999997,0.059091000000000005,0.9861620319238478,0.0,single,-0.8677010000000001
295,1.229167,walk,1.610385,-0.826397,0.944683,0.024567,0.01008,-0.674999,-0.013198944084507027,0.5541156707463669,0.0398368130549573,-0.0423567962464233,-0.5504695674186002,0.5840574724609028,-0.006239500839899366,-0.006239500839926008,-0.0016798656107512315,0.2215022798176264,2.1869450443965306,-0.3078953683705426,-0.03185899999999986,0.06136000000000008,-0.926965,0.17134399999999994,-0.07486599999999999,-0.8691500000000001,0.2032029999999998,0.13622600000000007,0.05781499999999995,0.9850292238443688,0.0,single,-0.8691500000000001
296,1.233333,walk,1.610334,-0.824237,0.944993,0.024732,0.011199,-0.67571,-0.012241958713399389,0.5184829572731617,0.0744119059049239,0.2928170110973654,-0.44444867294393453,0.48248990495220323,-0.009841574651987196,-0.003600576092171588,0.002640422467594885,0.22467594815170963,2.2042726836293327,-0.3106096975516006,-0.031849000000000016,0.05918500000000004,-0.927264,0.172331,-0.06784299999999999,-0.870754,0.20418000000000003,0.12702800000000003,0.05650999999999995,0.9819882314217794,0.0,single,-0.870754
297,1.2375,walk,1.61006,-0.822051,0.945014,0.024894,0.010822,-0.676454,-0.06575473962080235,0.5245980321574285,0.005039596832265082,-0.19164005678087645,0.08592337573658497,0.47889436126663915,-0.0059995200383829005,-0.00719942404609678,0.000479961603071398,0.24598032157428507,2.202543796496268,-0.2978161747060227,-0.03160000000000007,0.056968999999999936,-0.927283,0.17362999999999995,-0.06085099999999999,-0.872016,0.20523000000000002,0.11781999999999992,0.055266999999999955,0.9843602793408278,0.0,single,-0.872016
298,1.241667,walk,1.609989,-0.819958,0.945113,0.025601,0.010739,-0.677469,-0.01703863690908417,0.5022798176145897,0.023758099352042112,-0.2934101156988133,-0.19307240990059457,0.6649151026031399,-0.005039596832265082,-0.007439404847612913,0.0019198464122872573,0.2644588432925193,2.1838252939764646,-0.31197504199663684,-0.03154999999999997,0.05484499999999992,-0.927374,0.17480300000000004,-0.053844,-0.8734149999999999,0.206353,0.10868899999999992,0.05395900000000009,0.9846858733548586,0.0,single,-0.8734149999999999
299,1.245833,walk,1.609917,-0.817809,0.945355,0.026362,0.010737,-0.678218,-0.017282765242403225,0.5158425348055719,0.05808929428707891,-0.2818703258687097,-0.24129602920573087,0.4938718390153928,-0.006961113778165018,-0.0052808449351817235,0.0016802688430149408,0.24195871339417813,2.23883821411431,-0.3199711953912711,-0.03150699999999995,0.052674,-0.9276089999999999,0.175883,-0.046665999999999985,-0.8749899999999999,0.20738999999999996,0.09933999999999998,0.05261899999999997,0.9851706249057637,0.0,single,-0.8749899999999999
300,1.25,walk,1.609785,-0.815601,0.945443,0.026612,0.011137,-0.678858,-0.03167746580274058,0.5298776097912097,0.021118310535178146,0.03113170399394816,-0.21738089405970745,0.42659876056646073,-0.010559155267615717,-0.009359251259901835,-0.001679865610751142,0.2419006479481378,2.2966162706983186,-0.30117590592752164,-0.031419000000000086,0.050427,-0.9277040000000001,0.17702299999999993,-0.039304000000000006,-0.876333,0.20844200000000002,0.089731,0.051371000000000056,0.9763173004669738,0.0,single,-0.876333
301,1.254167,walk,1.609645,-0.8133,0.945333,0.02631,0.010934,-0.679728,-0.0335973122150295,0.5521958243340485,-0.02639788816895936,0.025439993207687667,0.17676442359774058,0.5634451715201245,-0.0050395968322117955,-0.009839212862960744,0.000479961603071398,0.236861051115926,2.265178785697121,-0.32109431245500253,-0.031299999999999883,0.048085000000000044,-0.927592,0.17815000000000003,-0.03216600000000003,-0.877561,0.20944999999999991,0.08025100000000007,0.05003099999999994,0.9815580483427417,0.0,single,-0.877561
302,1.258333,walk,1.609443,-0.811085,0.945313,0.026212,0.010878,-0.680623,-0.04848775804129638,0.5316850696111703,-0.00480076812290459,0.0010639510278355009,0.05864685141749697,0.5845840461077351,0.0012001920306795105,-0.004320691310627456,-0.00912145943350956,0.24099855976957055,2.3238118098896545,-0.3067690830532968,-0.031093000000000037,0.04585199999999989,-0.9276099999999999,0.17935600000000007,-0.024700000000000055,-0.878819,0.2104490000000001,0.07055199999999995,0.04879099999999992,0.9830597572733677,0.01208999999999999,single,-0.878819
303,1.2625,walk,1.609184,-0.809191,0.945597,0.026558,0.01089,-0.681145,-0.06215502759779391,0.45452363810893615,0.06815454763620346,-0.1266452770280247,-0.11327818837075236,0.3444438371789482,-0.011999040076765801,-0.016318694504429198,0.0009599232061436286,0.2524598032157535,2.3098152147827986,-0.3028557715382744,-0.03088399999999991,0.043889999999999985,-0.92789,0.18066700000000013,-0.016969000000000012,-0.8803650000000001,0.21155100000000004,0.060858999999999996,0.04752499999999993,0.9662032954575609,0.02475000000000005,single,-0.8803650000000001
304,1.266667,walk,1.608985,-0.807246,0.945551,0.026868,0.00996,-0.682038,-0.047756179505600356,0.4667626589872713,-0.011039116870647982,-0.42815032787657,0.23224711247076663,0.5717606241043063,0.014638828893656407,-0.020878329733608727,0.004319654427645913,0.24142068634505223,2.3057355411567046,-0.31437485001199467,-0.030624000000000207,0.04185800000000006,-0.927826,0.1818719999999998,-0.009305999999999925,-0.881629,0.21249600000000002,0.05116399999999999,0.046197000000000044,0.9568961403436962,0.03803000000000001,single,-0.881629
305,1.270833,walk,1.608832,-0.805261,0.945682,0.027339,0.009939,-0.682731,-0.03672587614019816,0.47647623619778207,0.03144503120499007,-0.18400295864644786,-0.1410936717529324,0.4583359310085661,-0.002160345655286963,-0.0057609217474852,0.0009601536245800339,0.23667786845898378,2.3055688910224945,-0.27004320691309897,-0.030480000000000063,0.03984900000000002,-0.927953,0.18301100000000003,-0.0016859999999999653,-0.882885,0.2134910000000001,0.04153499999999999,0.045068,0.9896214420138656,0.049319999999999975,single,-0.882885
306,1.275,walk,1.608754,-0.803098,0.945702,0.027439,0.009762,-0.683335,-0.01871850251980467,0.5190784737221322,0.004799616030722562,-0.1033498949017514,0.03448050957630973,0.3943208748147025,-0.0019198464122890248,-0.006239500839926008,-0.0016798656107512315,0.2337413006959623,2.3465322774179027,-0.3162946964243021,-0.030410000000000048,0.03766000000000003,-0.92798,0.1840630000000001,0.005928999999999962,-0.8842230000000001,0.21447300000000014,0.031731000000000065,0.043756999999999935,0.9887652412565584,0.06243000000000004,single,-0.8842230000000001
307,1.279167,walk,1.608665,-0.800929,0.945694,0.028027,0.009645,-0.683915,-0.021358291336694278,0.5205183585313079,-0.0019198464122889224,-0.2544025210618726,-0.146886344390902,0.3837648781672717,0.0016798656107727896,-0.005999520038409543,0.000479961603071398,0.2526997840172696,2.3225341972641926,-0.27885769138468625,-0.030313999999999952,0.035466,-0.9279700000000001,0.18520500000000006,0.01343799999999995,-0.8853770000000001,0.21551900000000002,0.022028000000000048,0.04259299999999999,0.9895854599101441,0.07406999999999997,single,-0.8853770000000001
308,1.283333,walk,1.608623,-0.798713,0.945667,0.02796,0.009971,-0.684429,-0.010081613058112426,0.5319251080172672,-0.006481036965914188,0.1215774760690677,-0.08741744042677622,0.3438151428538158,-0.0012001920307327459,-0.007201152184343176,-0.0002400384061452167,0.2294767162745873,2.3665386461833395,-0.25108017282764683,-0.030276999999999887,0.03322000000000003,-0.927944,0.18620300000000012,0.021081000000000016,-0.8863960000000001,0.21648,0.012139000000000011,0.04154799999999992,0.9878259529087112,0.08451999999999998,single,-0.8863960000000001
309,1.2875,walk,1.608595,-0.796445,0.945584,0.02814,0.010119,-0.685063,-0.0067194624429845855,0.5442764578833766,-0.019918406527490908,-0.025470323728724122,-0.10526389470683047,0.421538734551959,0.0019198464122889224,-0.007439404847612913,0.0,0.22702183825291197,2.3712502999759906,-0.2565394768418508,-0.030240999999999962,0.030920999999999976,-0.9278609999999999,0.18717699999999993,0.028693999999999997,-0.887382,0.2174179999999999,0.002226999999999979,0.04047899999999993,0.9871947759430568,0.09521000000000002,single,-0.887382
310,1.291667,walk,1.608574,-0.794203,0.945499,0.028648,0.010538,-0.685728,-0.005039596832265351,0.538036957043453,-0.020398368130550903,-0.05173647660792815,-0.30759484024859723,0.44988940817466183,-0.0011999040076873012,-0.0067194624430115864,-0.0016798656107512315,0.22630189584837562,2.3251739860812073,-0.27069834413248106,-0.030224999999999946,0.028650999999999982,-0.927783,0.1881410000000001,0.03614099999999998,-0.888425,0.21836600000000006,0.007489999999999997,0.039358000000000004,0.9882842824446895,0.10641999999999996,single,-0.888425
311,1.295833,walk,1.608566,-0.792012,0.94536,0.029127,0.010404,-0.686426,-0.0019203072491617336,0.5259241478636301,-0.03336533845415181,-0.22418403286772856,-0.10473091234882481,0.4622898646290666,-0.0007201152184289877,-0.005040806529029563,-0.0019203072491592351,0.1915506481036564,2.37085933749394,-0.25636101776283493,-0.030219999999999914,0.0264390000000001,-0.9276519999999999,0.18894699999999998,0.04382700000000006,-0.889354,0.2191669999999999,0.01738799999999996,0.03829799999999994,0.990929921548469,0.11702000000000001,single,-0.889354
312,1.3,walk,1.608548,-0.789868,0.945438,0.029214,0.010551,-0.6869,-0.0043196544276101105,0.514518838492925,0.01871850251980367,0.009378653100010823,-0.07556419014529009,0.3164843418087509,-0.0019198464122889224,-0.00719942404609678,-0.003359731221502284,0.19318454523641962,2.3638108951283776,-0.2315814734821198,-0.03021000000000007,0.02426499999999998,-0.927744,0.18977,0.05153300000000005,-0.890397,0.21998000000000006,0.02726800000000007,0.03734700000000002,0.986377580700772,0.12653000000000003,single,-0.890397
313,1.304167,walk,1.608556,-0.7877,0.945356,0.029586,0.010193,-0.687498,0.0019198464122889224,0.5202783777297918,-0.019678425725948134,-0.25877227836273303,0.007585775372331081,0.39139521233918656,0.004079673626093978,-0.008159347252214599,-0.001199904007679744,0.16726661867049253,2.3611711063114607,-0.23014158867290477,-0.030201000000000144,0.022062999999999944,-0.927667,0.19045899999999993,0.05920399999999992,-0.891274,0.22066000000000008,0.03714099999999998,0.03639300000000001,0.9846649951902595,0.13607000000000008,single,-0.891274
314,1.308333,walk,1.60851,-0.785501,0.945349,0.030141,0.010659,-0.687909,-0.011041766682667232,0.52784445511282,-0.001680268843009944,-0.04746543235710714,-0.34170008084959536,0.2853467377749762,0.008641382621254912,-0.011041766682667232,-0.00888142102736433,0.13058089294284494,2.3862217954873346,-0.25036005760922286,-0.030119000000000007,0.019818000000000002,-0.927697,0.1910489999999998,0.06694599999999995,-0.8923099999999999,0.2211679999999998,0.04712799999999995,0.03538700000000006,0.9723376637652739,0.14612999999999998,single,-0.8923099999999999
315,1.3125,walk,1.608557,-0.783185,0.94519,0.029762,0.010538,-0.688561,0.011279097672164114,0.5557955363570836,-0.03815694744420903,0.07991770151864118,0.17360194324723702,0.42552739064369616,-0.003839692824577845,-0.0021598272138316985,-0.002879769618430886,0.15742740580753178,2.3604511639068857,-0.21358291336692947,-0.03018199999999993,0.01749299999999998,-0.92755,0.19165799999999988,0.07446600000000003,-0.893041,0.22183999999999982,0.05697300000000005,0.03450900000000001,0.9912280168788542,0.15491000000000005,single,-0.893041
316,1.316667,walk,1.608977,-0.780333,0.945257,0.030094,0.011638,-0.689783,0.1007919366450885,0.6844252459803081,0.016078713702913066,0.22484906855759523,-0.48080442034006193,0.8335542115506588,0.00911927045835906,-0.006239500839925676,-0.00215982721382254,0.1214302855771811,2.3546916246700187,-0.20542356611470988,-0.030564000000000036,0.014615000000000045,-0.9276260000000001,0.19174399999999991,0.08142600000000011,-0.893964,0.22230799999999995,0.06681100000000006,0.03366200000000008,0.9812355745848618,0.16338000000000003,single,-0.893964
317,1.320833,walk,1.608975,-0.77805,0.945071,0.030628,0.01182,-0.69033,-0.00048007681230378377,0.5480076812290192,-0.04464714354297271,-0.1361149232691921,-0.23518413466326168,0.3707234153345616,0.003360537686019888,-0.0026404224675908618,-0.0009601536245800851,0.11233797407583415,2.3768602976476774,-0.19275084013442606,-0.03054800000000002,0.012321000000000026,-0.927444,0.19221399999999988,0.08904500000000004,-0.894581,0.2227619999999999,0.07672400000000001,0.03286300000000009,0.9926995168863605,0.17136999999999997,single,-0.894581
318,1.325,walk,1.609017,-0.77584,0.944931,0.031027,0.012085,-0.690794,0.010079193664476878,0.5303575713942953,-0.0335973122150295,-0.06007497800414518,-0.2199448154166249,0.3166591076413763,-0.0033597312214922927,-0.0033597312214922927,0.007199424046075965,0.09359251259901837,2.349412047036211,-0.1593472522198207,-0.030603999999999854,0.010097000000000023,-0.9272739999999999,0.19256200000000012,0.09662499999999996,-0.8951049999999999,0.22316599999999998,0.08652799999999994,0.032169,0.9856233895243623,0.17830999999999997,single,-0.8951049999999999
319,1.329167,walk,1.609137,-0.773457,0.944779,0.031227,0.012387,-0.691312,0.028797696184333837,0.5718742500599966,-0.03647708183343624,0.020196293800026896,-0.16624917339708511,0.3520045846004884,0.0071994240460701376,0.054715622750181,0.03455723542116647,0.0895128389728711,2.3621310295176317,-0.15118790496760276,-0.030694,0.007942000000000005,-0.9269780000000001,0.19281499999999996,0.10408499999999998,-0.895583,0.22350899999999996,0.09614299999999998,0.03139500000000006,0.891476658943172,0.1860500000000001,single,-0.895583
320,1.333333,walk,1.609225,-0.771245,0.944595,0.031766,0.012439,-0.691875,0.02112337974072577,0.5309649543926863,-0.04416706673069322,-0.18131274356601634,-0.191817077228483,0.37983993135122757,-0.01464234277486488,0.012481997119524618,0.009601536245798674,0.09625540086415861,2.31397023523757,-0.19995199231876395,-0.030842999999999954,0.005781999999999954,-0.926754,0.1931280000000002,0.11151299999999997,-0.8962319999999999,0.22397100000000014,0.10573100000000002,0.03052200000000005,0.9641613200768653,0.19477999999999995,single,-0.8962319999999999
321,1.3375,walk,1.609318,-0.768997,0.944441,0.032063,0.01262,-0.692386,0.022318214542866574,0.5394768418526564,-0.036957043436523764,-0.053483077324181276,-0.1565155930798727,0.34623218848357784,-0.007439404847586667,0.006479481641468798,-0.00023998080153529548,0.02591792656587519,2.383969282457512,-0.09407247420206896,-0.030966999999999967,0.0035610000000000364,-0.926601,0.19314300000000006,0.11919900000000005,-0.89647,0.22411000000000003,0.11563800000000002,0.03013100000000002,0.9835526076354595,0.19869000000000003,single,-0.89647
322,1.341667,walk,1.609361,-0.766696,0.944281,0.032166,0.012628,-0.692882,0.010319174466046297,0.5521958243340485,-0.03839692824572516,-0.043376637152575045,-0.03227662323931217,0.330915917819708,0.01055915526756243,-0.00767938564915569,-0.0014398848092158593,0.06551475881928621,2.329253659707204,-0.19174466042716462,-0.03096600000000005,0.0012280000000000069,-0.926447,0.19337300000000002,0.12660400000000005,-0.897109,0.22433900000000007,0.12537600000000004,0.029337999999999975,0.978107459909775,0.20662000000000003,single,-0.897109
323,1.345833,walk,1.609431,-0.764385,0.944108,0.032465,0.01257,-0.693405,0.016802688430151844,0.5547287566010561,-0.0415266442631025,-0.13383011746736026,-0.07446215163447753,0.35009856761904046,0.015122419587115339,-0.011281805088791872,-0.0040806529044645195,0.02664426308208574,2.364858377340303,-0.08641382621219139,-0.03097300000000014,-0.0011299999999999644,-0.926291,0.19341399999999997,0.13414499999999996,-0.897296,0.22438700000000011,0.13527499999999992,0.028994999999999993,0.9678277885453846,0.21005000000000001,single,-0.897296
324,1.35,walk,1.609303,-0.761825,0.943978,0.033278,0.01306,-0.694466,-0.03071754259662276,0.6143508519318424,-0.031197504199655026,-0.1408181583121978,-0.4297513474810191,0.7250049135223086,0.01583873290139693,-0.011519078473733534,-0.010799136069114364,0.057595392368614384,2.307175425965908,-0.07367410607151413,-0.03077899999999989,-0.003738000000000019,-0.926206,0.19378200000000012,0.14119899999999996,-0.897473,0.224561,0.14493699999999998,0.02873300000000001,0.9627256429876951,0.21267000000000003,single,-0.897473
325,1.354167,walk,1.609329,-0.759467,0.94381,0.033441,0.013125,-0.694897,0.006239500839952652,0.5658747300216173,-0.04031677465801623,-0.0440458409227968,-0.07253034641951381,0.29033578778903185,-0.014638828893710475,-0.025437964962816254,-0.02255819534437356,-0.02591792656587519,2.293256539476949,-0.22510199184066168,-0.03086600000000006,-0.006202000000000041,-0.9261320000000001,0.19364800000000004,0.148397,-0.898243,0.2245140000000001,0.15459900000000004,0.027889000000000053,0.9383050166359687,0.22110999999999997,single,-0.898243
326,1.358333,walk,1.609377,-0.757211,0.943625,0.033537,0.012897,-0.695574,0.0115218434949704,0.5415266442630758,-0.04440710513681845,-0.12397562668134525,0.0533166856275757,0.4483400414614797,-0.0052808449351814425,-0.020883341334600538,-0.018963034085452964,0.013922227556382593,2.267162746039313,-0.13826212193950657,-0.030936000000000075,-0.008545000000000025,-0.926026,0.19365799999999989,0.155586,-0.898634,0.22459399999999996,0.16413100000000003,0.027391999999999972,0.9521693400789795,0.22608,single,-0.898634
327,1.3625,walk,1.609715,-0.754845,0.943561,0.033727,0.012209,-0.696793,0.08111351091911372,0.567794576433876,-0.01535877129831138,-0.3216635318839109,0.185832596106483,0.8015139112352806,-0.0016798656107727896,-0.012718982481394128,-0.013438924886009136,0.024958003359755992,2.2673386129109527,-0.049436045116391464,-0.031281000000000114,-0.010963999999999974,-0.926018,0.19342400000000004,0.16266800000000003,-0.898776,0.22470500000000015,0.173632,0.02724199999999999,0.9690341063101469,0.22758,single,-0.898776
328,1.366667,walk,1.6098,-0.752488,0.943384,0.03348,0.012043,-0.697282,0.020398368130523176,0.5656347492200443,-0.042476601871845786,0.01908261054252658,0.14489566769125248,0.32106818027168177,-0.0059995200383829005,-0.0011999040076872372,-0.004319654427645913,-0.06071514278859055,2.2862970962322726,-0.15382769378449504,-0.03139099999999995,-0.013325999999999949,-0.925859,0.1930860000000001,0.16983800000000004,-0.89924,0.22447700000000004,0.183164,0.026618999999999948,0.9875174093798044,0.23380999999999996,single,-0.89924
329,1.370833,walk,1.609939,-0.7501,0.943124,0.033748,0.011907,-0.697741,0.033365338454180236,0.5732117138742484,-0.062409985597706365,-0.14765083016318825,-0.038240803525006924,0.30733483342111717,0.010561689870416746,-0.0036005760921717796,-0.004320691310609134,-0.022083533365334463,2.251320211233862,-0.0885741718675014,-0.0314859999999999,-0.015728999999999993,-0.9256169999999999,0.192855,0.17682900000000001,-0.899349,0.2243409999999999,0.192558,0.026267999999999958,0.9800568993748635,0.23732000000000003,single,-0.899349
330,1.375,walk,1.610076,-0.747764,0.942901,0.033991,0.011853,-0.698357,0.03287736981042781,0.5605951523878059,-0.053515718742493765,-0.11496148034185757,-0.0563545585744249,0.4142175945517215,0.004079673626093978,0.005279577633781215,0.0,0.021118310535178146,2.2008639308854954,-0.028797696184305527,-0.03160600000000002,-0.01804300000000003,-0.9253939999999999,0.19280600000000003,0.18366399999999994,-0.899246,0.22441200000000006,0.20170699999999997,0.02614799999999995,0.9888797386013726,0.23852000000000007,single,-0.899246
331,1.379167,walk,1.610204,-0.745332,0.942681,0.034149,0.011762,-0.698811,0.03071754259656947,0.5836333093352463,-0.05279577633789208,-0.09463548048664973,-0.01689058464533202,0.3042158785218306,0.00911927045835906,0.006959443244554005,0.00215982721382254,-0.05327573794100428,2.224622030237564,-0.057835373170145504,-0.031695999999999946,-0.020445999999999964,-0.925165,0.19245599999999996,0.19050199999999995,-0.899267,0.2241519999999999,0.2109479999999999,0.025897999999999977,0.9805449379937282,0.24102,single,-0.899267
332,1.383333,walk,1.610332,-0.742971,0.9425,0.03415,0.011657,-0.699235,0.030724915986589375,0.5667306769083071,-0.0434469515122399,-0.044750054895768485,0.040289152292907734,0.28257977152974256,0.010081613058059664,0.011041766682667232,0.00912145943350956,-0.04032645223234525,2.197071531445107,-0.05352856457033287,-0.0317820000000002,-0.02276099999999992,-0.924946,0.1921599999999999,0.19729400000000008,-0.899309,0.22394200000000009,0.220055,0.02563700000000002,0.9708090312899091,0.24363,single,-0.899309
333,1.3875,walk,1.610487,-0.740579,0.942271,0.03412,0.011418,-0.699681,0.037197024238037925,0.5740340772738283,-0.054955603551723776,-0.07948908209399537,0.09686829031576884,0.29373336558587937,0.011999040076819087,0.011279097672190758,0.006719462443004568,-0.04679625629948254,2.1780657547395976,-0.06575473962083064,-0.031887,-0.02510599999999996,-0.924689,0.19181000000000004,0.203978,-0.899354,0.22369700000000003,0.22908399999999995,0.025334999999999996,0.970356461141175,0.24665000000000004,single,-0.899354
334,1.391667,walk,1.610622,-0.73812,0.941984,0.034194,0.011315,-0.700284,0.032397408207342264,0.5901127909767148,-0.0688744900407785,-0.07296478139154006,0.01704402469166864,0.40389794784590155,0.006479481641468453,0.01055915526756243,0.002879769618430053,-0.07703383729301974,2.178545716342683,-0.02759779217662495,-0.031994999999999996,-0.027521000000000018,-0.92439,0.19135400000000002,0.21059700000000003,-0.899182,0.22334900000000002,0.23811800000000005,0.025208000000000008,0.9788016958643536,0.24792000000000003,single,-0.899182
335,1.395833,walk,1.610815,-0.735809,0.941779,0.034098,0.010939,-0.700719,0.046327412386006836,0.5547287566010295,-0.049207873259722784,-0.10275760222280693,0.1658446823344805,0.28342933757260946,0.004800768122877684,0.007201152184343176,0.0004800768122904334,-0.07177148343735983,2.1790686509840786,-0.009361497839653458,-0.032168000000000196,-0.029801999999999995,-0.924183,0.19086199999999987,0.217364,-0.899016,0.22303000000000006,0.247166,0.02516699999999994,0.9855533124618087,0.24833,single,-0.899016
336,1.4,walk,1.610945,-0.733413,0.94152,0.034213,0.01082,-0.701193,0.031197504199656688,0.5749940004800034,-0.06215502759779723,-0.08953136529756539,0.007310036402704239,0.3176219703224933,0.004319654427663628,0.008639308855300612,0.003599712023038591,-0.08951283897287586,2.1451883849293107,-0.012958963282939261,-0.032280000000000086,-0.032162000000000024,-0.923909,0.19035899999999994,0.22390699999999997,-0.898811,0.22263900000000003,0.256069,0.025097999999999954,0.982819989124913,0.24902000000000007,single,-0.898811
337,1.404167,walk,1.611106,-0.730911,0.941247,0.034457,0.010691,-0.701599,0.03863690904724129,0.600431965442761,-0.06551475881931285,-0.13564615839957309,-0.03349174461591831,0.27335504945430233,0.00911927045835906,0.00455963522917953,0.0002399808015352827,-0.09527237820973786,2.1257499400047912,0.023278137748979872,-0.03240299999999996,-0.03464500000000004,-0.923635,0.1898010000000001,0.230263,-0.8984409999999999,0.22220400000000007,0.26490800000000003,0.02519400000000005,0.9830025363084027,0.24806000000000006,single,-0.8984409999999999
338,1.408333,walk,1.611257,-0.728483,0.940969,0.034524,0.01018,-0.702311,0.03624579932789441,0.5828132501199998,-0.06673067690827697,-0.2102070044808699,0.16021180962760484,0.46955970110217365,0.0036005760921982376,0.004560729716752455,0.0,-0.06841094575134012,2.076812289966336,-0.02256361017762705,-0.032538999999999874,-0.03705400000000003,-0.9233570000000001,0.189365,0.236487,-0.8982570000000001,0.22190399999999988,0.27354100000000003,0.02510000000000001,0.9903154757265668,0.249,single,-0.8982570000000001
339,1.4125,walk,1.611411,-0.726333,0.940745,0.035037,0.01006,-0.702736,0.03695704343652179,0.5159587233021283,-0.05375569954403654,-0.22493640086486438,-0.12710227160603052,0.2901938610100937,0.006959443244500718,0.005999520038409543,-0.0002399808015352827,-0.09239260859127783,2.0503959683225177,-0.018718502519798678,-0.032664000000000026,-0.039178999999999964,-0.923134,0.18882600000000016,0.242881,-0.8981110000000001,0.2214900000000002,0.28206,0.025022999999999906,0.9846806511461803,0.24977000000000005,single,-0.8981110000000001
340,1.416667,walk,1.611574,-0.723866,0.940437,0.03531,0.009633,-0.703092,0.03911687065038222,0.5920326373890352,-0.07391408687307416,-0.24489276568251,0.05778499482241197,0.2343276809211462,0.005039596832265351,0.008159347252215033,0.002159827213822655,-0.08927285817135971,2.021118310535246,-0.004079673626109182,-0.03280600000000011,-0.04161199999999998,-0.922817,0.188291,0.248836,-0.89782,0.2210970000000001,0.290448,0.024997000000000047,0.9836159514052729,0.25003,single,-0.89782
341,1.420833,walk,1.61174,-0.721335,0.940165,0.035383,0.00942,-0.703738,0.03984637542003935,0.6075372059529505,-0.06529044647141899,-0.1106199228735342,0.05596862729571639,0.4323165658310219,0.006961113778217946,0.0014402304368579754,-0.0014402304368696345,-0.11113778204514871,2.004800768122851,0.012962073931828376,-0.032942999999999945,-0.04413700000000009,-0.922551,0.187662,0.25465699999999997,-0.897494,0.22060499999999994,0.29879400000000006,0.025056999999999996,0.9879117099297808,0.24943000000000004,single,-0.897494
342,1.425,walk,1.611974,-0.718803,0.939822,0.035713,0.009128,-0.704404,0.05615550755941102,0.6076313894888311,-0.08231341492680096,-0.22546357714298743,-0.0037623544087539273,0.44800388073948566,0.02423806095510102,0.018238540916744764,0.011519078473721878,-0.10751139908807308,1.964002879769596,0.03047756179505667,-0.033076000000000105,-0.046592999999999996,-0.9221600000000001,0.18697999999999992,0.26030899999999996,-0.897024,0.22005600000000003,0.30690199999999995,0.025136000000000047,0.9459214269552901,0.24863999999999997,single,-0.897024
343,1.429167,walk,1.612143,-0.716308,0.939512,0.035821,0.008631,-0.704908,0.0405567554595835,0.5987520998320148,-0.07439404847612914,-0.21556821133138032,0.13901848522336255,0.33185863344338645,-0.017758579313632568,-0.036237101031920106,-0.0201583873290137,-0.1353491720662358,1.9529637628989613,0.058315334773217736,-0.0333190000000001,-0.04923900000000003,-0.921934,0.18624699999999983,0.26595199999999997,-0.896471,0.21956599999999993,0.315191,0.025463000000000013,0.9248177176209067,0.24536999999999998,single,-0.896471
344,1.433333,walk,1.612312,-0.71374,0.939164,0.035882,0.008413,-0.705417,0.040566490638470495,0.6164186269803097,-0.08353336533845991,-0.10536204225802662,0.06013796066412231,0.34100039541704197,0.01920307249161836,0.03048487758041083,0.01656265002400418,-0.13874219875179605,1.963754200672157,0.09097455592895036,-0.03340799999999988,-0.05167999999999995,-0.921517,0.1855,0.27156500000000006,-0.895744,0.21890799999999988,0.323245,0.025773000000000046,0.9339106848014532,0.24226999999999999,single,-0.895744
345,1.4375,walk,1.612525,-0.711188,0.938838,0.036101,0.008272,-0.706027,0.051115910727145934,0.6124310055195534,-0.07823374130070698,-0.13522941452874887,-0.01823119246119699,0.41282410787152785,0.011519078473680248,0.017038636909057527,0.013918886489080533,-0.144708423326111,1.9028077753779467,0.10031197504199628,-0.033573000000000075,-0.054160999999999904,-0.921133,0.18468400000000007,0.276942,-0.8949999999999999,0.21825700000000015,0.3311029999999999,0.026133000000000073,0.9586095919023163,0.23867,single,-0.8949999999999999
346,1.441667,walk,1.612745,-0.708604,0.93849,0.036162,0.007876,-0.706679,0.05279577633791872,0.6201103911687091,-0.08351331893446155,-0.16874767930404502,0.12246262952972246,0.43447161419970204,0.00623950083995232,0.011039116870647982,0.009599232061435453,-0.1319894408447435,1.8444924406047438,0.10871130309575033,-0.0337670000000001,-0.056698999999999944,-0.920745,0.1839139999999999,0.282044,-0.8941990000000001,0.217681,0.33874299999999996,0.02654599999999996,0.9734932540984123,0.23454000000000003,single,-0.8941990000000001
347,1.445833,walk,1.612924,-0.706045,0.938154,0.036077,0.00743,-0.707146,0.04296687469993612,0.6142582813250226,-0.08065290446471715,-0.13221182735529968,0.18649486749557873,0.30670827446623455,0.009841574651934422,0.01080172827651534,0.009361497839654788,-0.17426788286126338,1.844695151224243,0.054248679788768565,-0.033905000000000074,-0.05921299999999996,-0.92037,0.18300899999999998,0.28717000000000004,-0.893637,0.21691400000000005,0.346383,0.026733000000000007,0.9710761744120522,0.23267000000000004,single,-0.893637
348,1.45,walk,1.613142,-0.703414,0.9378,0.036124,0.007123,-0.707708,0.05231581473483317,0.6313894888408998,-0.0849532037437182,-0.1318607663792738,0.09581890543442302,0.37572531025635475,0.013198944084506324,0.00863930885530015,0.006479481641468453,-0.18574514038878007,1.82145428365729,0.11279097672186096,-0.03406799999999999,-0.061807999999999974,-0.919989,0.18201699999999987,0.29212899999999997,-0.892813,0.21608499999999986,0.35393699999999995,0.027175999999999978,0.9715769330382034,0.22824000000000005,single,-0.892813
349,1.454167,walk,1.613387,-0.700749,0.937455,0.036068,0.006968,-0.708329,0.058795296376248335,0.6395488360931145,-0.08279337652985987,-0.04654109213163058,0.08016078767459567,0.41805347875830345,0.007919366450671823,0.010319174466019654,0.009359251259899339,-0.1756659467242499,1.760739140868726,0.15862730981521403,-0.034279999999999866,-0.0644300000000001,-0.919605,0.1810400000000001,0.296801,-0.891807,0.21531999999999996,0.3612310000000001,0.02779799999999999,0.973291839013239,0.22202,single,-0.891807
350,1.458333,walk,1.613647,-0.698099,0.937092,0.036195,0.006783,-0.708858,0.062409985597729686,0.6361017762841713,-0.08713394143062704,-0.11695684874342652,0.02678430002600879,0.35800345535943884,0.0115218434949704,0.011281805088818523,0.009361497839653458,-0.18795007201151145,1.7287566010561184,0.19107057129140093,-0.03449199999999997,-0.06703300000000001,-0.919203,0.17999699999999996,0.30135300000000004,-0.890648,0.21448899999999993,0.36838600000000005,0.028554999999999997,0.9689234973820644,0.21445000000000003,single,-0.890648
351,1.4625,walk,1.613852,-0.695473,0.936723,0.036234,0.006481,-0.70951,0.049196064314859636,0.6301895848332463,-0.088552915766758,-0.12943436652587817,0.09802556842165826,0.4379016583914822,0.01199904007676644,0.003359731221519115,-0.0016798656107512315,-0.14902807775378235,1.7038636909048042,0.1617470602351888,-0.034647000000000094,-0.06964499999999996,-0.918841,0.17917099999999997,0.305827,-0.889605,0.21381800000000006,0.375472,0.02923600000000004,0.9790445773979567,0.20764,single,-0.889605
352,1.466667,walk,1.614075,-0.692798,0.936357,0.036296,0.006149,-0.710017,0.05351571874246712,0.6419486441084623,-0.08783297336212495,-0.14449856814558404,0.09824620744644762,0.33997615932418723,0.01391888648910801,0.006479481641468453,-0.013918886489080533,-0.18790496760258513,1.6510679145668214,0.19750419966402474,-0.03481199999999984,-0.07229299999999994,-0.918533,0.17816500000000013,0.31003200000000003,-0.888416,0.21297699999999997,0.38232499999999997,0.03011700000000006,0.9654611939449621,0.19883000000000006,single,-0.888416
353,1.470833,walk,1.614341,-0.690091,0.935998,0.036306,0.005956,-0.710548,0.06385021603458767,0.6497839654344553,-0.08617378780604618,-0.08005237010399625,0.06942152923616636,0.3582349261869397,0.015842534805544328,0.014402304368686352,0.005040806529044554,-0.1908305328852807,1.6024963994238677,0.217714834373495,-0.03501200000000004,-0.07494,-0.918153,0.17710399999999993,0.31400100000000003,-0.88715,0.21211599999999997,0.38894100000000004,0.031003000000000003,0.9633400759738762,0.18996999999999997,single,-0.88715
354,1.475,walk,1.614586,-0.687431,0.935633,0.036459,0.005642,-0.71108,0.058795296376301626,0.6383489320854273,-0.08759299256058217,-0.16968673781490679,0.061437183625827424,0.35903825456612226,0.016558675305998617,0.014158867290624141,0.011519078473721878,-0.1663066954643747,1.5581953443724315,0.22654187664986639,-0.035188,-0.07754099999999997,-0.91774,0.17616599999999982,0.317834,-0.8858410000000001,0.21135399999999982,0.395375,0.0318989999999999,0.9589257981843037,0.18101,single,-0.8858410000000001
355,1.479167,walk,1.614797,-0.684761,0.935284,0.036568,0.005384,-0.711475,0.05063594912406308,0.6407487401008359,-0.08375329973603543,-0.13290796148795397,0.055566362878826055,0.26584594937946643,0.015598752099828344,0.014878809695226619,0.002399808015358783,-0.1871850251979934,1.5241180705544242,0.2260619150468062,-0.03533399999999998,-0.08014900000000003,-0.917381,0.17517499999999986,0.32151499999999994,-0.88455,0.21050899999999984,0.40166399999999997,0.032831000000000055,0.9638498838357004,0.17169,single,-0.88455
356,1.483333,walk,1.615022,-0.682075,0.934972,0.036458,0.005141,-0.711857,0.05400864138260047,0.6447431589053991,-0.07489198271722766,-0.05360039189301527,0.12515975707332763,0.25450350087532164,0.01536245799324057,0.020403264522323432,0.009601536245799507,-0.18242918867015148,1.4788766202592076,0.23115698511761215,-0.035495000000000054,-0.08274999999999999,-0.917029,0.17419000000000007,0.32499,-0.883275,0.20968500000000012,0.40774,0.03375399999999995,0.9545244932518191,0.16246000000000005,single,-0.883275
357,1.4875,walk,1.61527,-0.679398,0.934635,0.03659,0.005053,-0.712381,0.059515238780903305,0.6424286057115479,-0.08087353011759758,-0.08520804877365606,-0.007634934981675151,0.35834113334886586,0.016558675305998617,0.01583873290137029,0.04295656347492134,-0.16318694504439854,1.429325653947664,0.19798416126709698,-0.035673999999999984,-0.08536100000000002,-0.916513,0.17326200000000003,0.3282689999999999,-0.882113,0.208936,0.41362999999999994,0.034399999999999986,0.9188567533208951,0.15600000000000003,single,-0.882113
358,1.491667,walk,1.615577,-0.676652,0.934321,0.036774,0.004891,-0.712781,0.07367410607152745,0.6589872810174933,-0.07535397168227359,-0.1255576070420826,-0.0024051581922396267,0.2734923126965181,0.020878329733608727,0.020878329733608727,0.021358291336693445,-0.18574514038878007,1.3810895128389649,0.25605951523877857,-0.03589400000000009,-0.08801999999999999,-0.91611,0.17218099999999992,0.331278,-0.880732,0.208075,0.419298,0.03537800000000002,0.9392640982578935,0.14622000000000007,single,-0.880732
359,1.495833,walk,1.615915,-0.673869,0.933964,0.036929,0.004747,-0.713382,0.0811329812769943,0.6680268843015007,-0.085693710993747,-0.11373296940592105,0.004537161583000124,0.4109942695873887,0.029524723955856563,0.010801728276541989,0.018482957273163514,-0.1514642342774999,1.3235717714834763,0.21579452712434644,-0.03610899999999995,-0.0907579999999999,-0.915676,0.17121199999999992,0.33400900000000006,-0.879476,0.20732099999999987,0.42476699999999995,0.03620000000000001,0.9392179127266154,0.138,single,-0.879476
360,1.5,walk,1.616246,-0.671059,0.933619,0.03689,0.004568,-0.713887,0.07943364530839422,0.6743460523158312,-0.08279337652988651,-0.05843319603952163,0.08125633062853299,0.34217993840329264,0.023518118550499335,0.014398848092140275,0.021358291336693445,-0.1756659467242499,1.27573794096471,0.2349412047036221,-0.036342000000000096,-0.09350800000000004,-0.915242,0.17014899999999988,0.33651499999999995,-0.8781519999999999,0.20649099999999998,0.430023,0.03709000000000007,0.9418668832343735,0.12910000000000005,single,-0.8781519999999999
361,1.504167,walk,1.616656,-0.668224,0.933279,0.036786,0.004398,-0.714431,0.09839212862971403,0.6803455723541875,-0.08159347252219927,-0.03423907820013113,0.10112098960897396,0.3675634563151985,0.028797696184333837,0.02591792656587381,0.0242380609551235,-0.15550755939524286,1.220062395008398,0.22966162706983254,-0.036632,-0.09623499999999996,-0.914801,0.16909099999999988,0.33876400000000007,-0.8768549999999999,0.20572299999999988,0.434999,0.037946000000000035,0.9238326071904872,0.12054000000000004,single,-0.8768549999999999
362,1.508333,walk,1.617058,-0.665381,0.932941,0.036734,0.004258,-0.714953,0.09649543927028897,0.6824291886702145,-0.0811329812769943,-0.041054117784304574,0.07289428923054422,0.3548610981510006,0.029764762361981806,0.022323571771486354,0.02472395583293365,-0.1641862698031504,1.1783485357657522,0.21483437349976553,-0.03691,-0.09898499999999999,-0.9143600000000001,0.16800499999999996,0.34083,-0.875622,0.20491499999999996,0.439815,0.03873800000000005,0.9255472385570928,0.11262,single,-0.875622
363,1.5125,walk,1.617523,-0.6625,0.932573,0.036743,0.00404,-0.715633,0.11159107271416706,0.6913846892248621,-0.0883129349652105,-0.09150115009854562,0.08052944768546796,0.46318616504466514,0.033117350611943944,0.009839212862960744,0.026637868970482155,-0.1480681545476566,1.117350611951034,0.17758579313654715,-0.037236999999999965,-0.10182500000000005,-0.9138809999999999,0.16692299999999993,0.342605,-0.874514,0.2041599999999999,0.44443000000000005,0.03936699999999993,0.9272915814784519,0.10633000000000004,single,-0.874514
364,1.516667,walk,1.617952,-0.659577,0.932199,0.036619,0.003828,-0.716168,0.10295176385889356,0.7014638828893657,-0.08975281977441388,-0.04188336370583595,0.12194859024766848,0.3614256233731426,0.03599712023035069,0.009359251259901835,0.025677945764338527,-0.12335013198941673,1.070554355651538,0.1583873290136779,-0.037516000000000105,-0.10470900000000005,-0.9134,0.16598000000000002,0.344143,-0.87348,0.20349600000000012,0.44885200000000003,0.039919999999999956,0.9246721029302813,0.10080000000000006,single,-0.87348
365,1.520833,walk,1.618412,-0.656678,0.931852,0.036472,0.003651,-0.716772,0.11041766682666643,0.6958713394142836,-0.08329332693230358,-0.023539192875975827,0.11925733147179354,0.40966745166414625,0.040566490638521635,0.009601536245808668,0.027604416706672436,-0.13178108497362404,1.0163226116178348,0.14570331252999996,-0.037806999999999924,-0.107568,-0.912938,0.16497099999999998,0.345478,-0.872526,0.2027779999999999,0.453046,0.040412000000000003,0.9166694420008739,0.09588000000000008,single,-0.872526
366,1.525,walk,1.618853,-0.653764,0.931528,0.036324,0.003598,-0.717283,0.10583153347735921,0.6993040556755712,-0.07775377969762558,0.021250474749834287,0.07666465115751381,0.3486651005978953,0.049196064314859636,0.00959923206141848,0.03167746580273727,-0.12287017038633773,0.9592032637389382,0.10943124550036618,-0.03804300000000005,-0.11044200000000004,-0.912482,0.164018,0.346561,-0.871746,0.20206100000000005,0.45700300000000005,0.040735999999999994,0.901175522601315,0.09264,single,-0.871746
367,1.529167,walk,1.619311,-0.650804,0.931192,0.036214,0.003536,-0.717886,0.10991120710339428,0.710343172546182,-0.0806335493160548,0.0036112448840633026,0.06802463890570369,0.4125619415790792,0.05831533477321607,0.006959443244554005,0.02903767698584081,-0.11951043916489217,0.9124070074394045,0.10871130309575033,-0.0382579999999999,-0.11337299999999995,-0.912025,0.16306200000000004,0.3474030000000001,-0.870957,0.20131999999999994,0.460776,0.04106799999999999,0.8908072702267471,0.08932000000000007,single,-0.870957
368,1.533333,walk,1.619792,-0.647855,0.930897,0.036347,0.003175,-0.718351,0.11545847335572264,0.7078732597215578,-0.07081132981277896,-0.17804324074336228,0.08190720566635712,0.3161889413459272,0.052328372539617266,0.009841574651933896,0.011761881901103959,-0.10993759001441597,0.8540566490638148,0.01488238118099011,-0.038520999999999805,-0.11628100000000008,-0.911681,0.16212300000000002,0.34801199999999993,-0.8705999999999999,0.20064399999999982,0.464293,0.041081000000000034,0.9091176427381396,0.08918999999999994,single,-0.8705999999999999
369,1.5375,walk,1.620273,-0.644926,0.930582,0.036345,0.003037,-0.718948,0.11543076553879819,0.702903767698569,-0.07559395248378972,-0.0585688573893384,0.0561803842378027,0.40904453019864473,0.04607631389488085,0.0035997120230350688,0.017518598512118934,-0.10823134149267477,0.8017758579313686,0.005519558435323991,-0.03881000000000001,-0.11919500000000005,-0.911293,0.16119099999999986,0.348424,-0.870262,0.20000099999999987,0.46761900000000006,0.04103100000000004,0.91762406765631,0.08969000000000005,single,-0.870262
370,1.541667,walk,1.620728,-0.641964,0.9303,0.036281,0.003038,-0.719478,0.1091912646987984,0.7108231341493053,-0.06767458603312151,0.011351795959247308,0.030199263279309486,0.36542925193519793,0.04583633309331388,0.010799136069132425,0.031917446604272565,-0.09791216702663369,0.7485001199904309,0.011279097672186364,-0.03907400000000005,-0.122112,-0.910878,0.16032800000000003,0.348581,-0.8699330000000001,0.19940200000000008,0.470693,0.0409449999999999,0.9051856467584996,0.09055000000000007,single,-0.8699330000000001
371,1.545833,walk,1.621242,-0.638951,0.930032,0.036352,0.003048,-0.720086,0.1233797407585481,0.7232357177147983,-0.06433029284686477,-0.03211580643281682,-0.01818808186472268,0.4214980656520644,0.046567450792132065,0.012241958713399389,0.040566490638501644,-0.10153624579934005,0.6879500720114982,-0.05400864138261879,-0.03939400000000015,-0.1250739999999999,-0.910441,0.15939099999999984,0.348434,-0.8698899999999999,0.198785,0.47350799999999993,0.040551000000000004,0.8950657191230063,0.09448999999999996,single,-0.8698899999999999
372,1.55,walk,1.621729,-0.635923,0.92976,0.036475,0.002835,-0.720592,0.11687065034794827,0.7266618670506377,-0.06527477801774344,-0.1245625597247069,0.036377336294384985,0.3486001626876067,0.04775617950565364,0.011519078473706892,0.04703623710103114,-0.10439164866809693,0.6457883369330402,-0.11327093832493319,-0.039681999999999995,-0.128054,-0.909973,0.15846899999999997,0.348097,-0.87009,0.19815099999999997,0.476151,0.039883,0.8866452293499636,0.10116999999999998,single,-0.87009
373,1.554167,walk,1.622207,-0.632848,0.929492,0.036521,0.002673,-0.721205,0.11471082313414321,0.7379409647228286,-0.06431485481162562,-0.08335394004654816,0.0477875040368441,0.42216314889227397,0.04991600671945869,0.008399328053757375,0.04967602591792675,-0.1187904967602372,0.5733141348692132,-0.06311495080393505,-0.03995199999999999,-0.13109400000000004,-0.909498,0.15749600000000008,0.34741099999999997,-0.870085,0.19744800000000007,0.478505,0.03941300000000003,0.8817974432786126,0.10586999999999996,single,-0.870085
374,1.558333,walk,1.622727,-0.629764,0.929269,0.036515,0.002627,-0.721824,0.12481997119541273,0.7402784445511416,-0.05352856457032621,-0.026037228022977976,0.02737891698198345,0.42808854364865867,0.042726836293810876,0.01200192030724815,0.058809409505522096,-0.08737397983678358,0.519443110897757,-0.15722515602496875,-0.04029400000000005,-0.13412800000000002,-0.90903,0.15661199999999997,0.346491,-0.870517,0.19690600000000003,0.480619,0.03851300000000002,0.8772064144236823,0.11487000000000003,single,-0.870517
375,1.5625,walk,1.623283,-0.626681,0.929053,0.036575,0.00255,-0.72241,0.13342932565394688,0.7398608111350908,-0.05183585313174762,-0.0580959939960363,0.014249120931616309,0.4060193296080553,0.030237580993537207,0.01631869450445584,0.0643148548116148,-0.127429805615564,0.4605231581473457,-0.12311015118790393,-0.04072399999999998,-0.1371429999999999,-0.908546,0.1555249999999999,0.34532700000000005,-0.870814,0.1962489999999999,0.48246999999999995,0.03773199999999999,0.8784702637656394,0.12268000000000001,single,-0.870814
376,1.566667,walk,1.623841,-0.623567,0.928865,0.036645,0.002485,-0.72311,0.13390928725703244,0.7473002159827303,-0.045116390688736394,-0.059548128699755294,0.008655602278329075,0.48664647801771466,0.04631629469639698,0.049436045116373145,0.08015358771298174,0.01223902087833522,0.4012479001679851,-0.22150227981761295,-0.04108900000000015,-0.14005100000000004,-0.908024,0.15501799999999988,0.343885,-0.871549,0.19610700000000003,0.48393600000000003,0.036475000000000035,0.8250895520049837,0.13525000000000004,single,-0.871549
377,1.570833,walk,1.624401,-0.620443,0.928637,0.036758,0.002216,-0.723845,0.1344215074411686,0.7498799807969507,-0.054728756601059025,-0.14531219121205688,0.06185351979172907,0.5075573702599738,0.03384541526648402,0.019683149303895493,0.05976956313010301,-0.1423427748439945,0.34061449831974083,-0.19395103216515056,-0.04150799999999988,-0.14309300000000003,-0.907547,0.15386499999999992,0.34218,-0.872129,0.1953729999999998,0.485273,0.03541799999999995,0.8809139062852757,0.14581999999999995,single,-0.872129
378,1.575,walk,1.624946,-0.617257,0.928445,0.03645,0.001864,-0.724496,0.1307895368370563,0.764578833693304,-0.046076313894907496,-0.03291794445012668,0.2341800951473037,0.44146764917446557,0.032397408207342264,0.02687784977201827,0.04583633309335223,-0.10775137988958922,0.26277897768177316,-0.24382049436045003,-0.0419179999999999,-0.14616700000000005,-0.907164,0.15287099999999998,0.3400889999999999,-0.872953,0.19478899999999988,0.48625599999999997,0.03421099999999999,0.8962778779306474,0.15789000000000003,single,-0.872953
379,1.579167,walk,1.625507,-0.614075,0.928284,0.036373,0.001778,-0.725179,0.13462922966163413,0.7636189104871329,-0.03863690904726794,-0.017586510349789093,0.06649561564023915,0.472829648397582,0.03383729301654563,0.012479001679851352,0.059275257979360535,-0.11015118790496368,0.2121430285577261,-0.28629709623229915,-0.04233799999999999,-0.149297,-0.906756,0.15185099999999996,0.33779100000000006,-0.873985,0.19418899999999994,0.4870880000000001,0.032770999999999995,0.8843587433033973,0.17229,single,-0.873985
380,1.583333,walk,1.626117,-0.610873,0.928131,0.036152,0.001761,-0.725933,0.14642342774843561,0.7686029764762243,-0.03672587614017152,0.052682432012113256,0.0950471781594664,0.5220780298657639,0.025684109457478222,0.015842534805570976,0.07753240518482754,-0.05472875660102946,0.21267402784444878,-0.34661545847334646,-0.04284100000000013,-0.15243300000000004,-0.9062800000000001,0.15101300000000006,0.335475,-0.875276,0.1938540000000002,0.48790800000000006,0.03100400000000003,0.8613364058690389,0.18996000000000002,single,-0.875276
381,1.5875,walk,1.626757,-0.607624,0.92798,0.036244,0.001854,-0.726622,0.15358771298296212,0.7796976241900875,-0.036237101031922035,-0.01124254677907332,-0.05137665608670032,0.4844007806280466,0.01919846412289025,0.021838252939780995,0.08687305015599178,-0.10775137988964824,0.18118550515958354,-0.36141108711304754,-0.04340100000000002,-0.15559099999999992,-0.905767,0.14992399999999995,0.332981,-0.876631,0.19332499999999997,0.48857199999999995,0.02913599999999994,0.8473164387118717,0.20864000000000005,single,-0.876631
382,1.591667,walk,1.627376,-0.604396,0.927816,0.036277,0.001752,-0.727287,0.14854811615068886,0.7746580273578075,-0.03935685145189627,-0.05931232053786143,0.033018853611101295,0.4633929203322239,0.02423806095510102,0.020398368130549818,0.0885529157667383,0.02591792656587381,0.18694504439645399,-0.4074874010079158,-0.04391900000000004,-0.15873399999999993,-0.905234,0.14941300000000002,0.33053200000000005,-0.878165,0.19333200000000006,0.489266,0.02706900000000001,0.8432518304905421,0.22931,single,-0.878165
383,1.595833,walk,1.628074,-0.601089,0.927673,0.036133,0.001728,-0.728061,0.16754680748921466,0.7938070091214521,-0.03432549207873267,0.024155971875939163,0.07096918410096974,0.5389336294015752,0.006721075372092717,-0.030004800768132098,0.1236197791646625,-0.04104656745077209,0.1605856937109834,-0.40326452232356097,-0.04458899999999999,-0.16216600000000003,-0.9045759999999999,0.148544,0.32789399999999996,-0.879702,0.193133,0.49006,0.02487399999999995,0.7876892298486552,0.25126000000000004,single,-0.879702
384,1.6,walk,1.629074,-0.597454,0.927285,0.0362,0.002143,-0.729721,0.23998080153584886,0.8723302135828932,-0.09311255099590617,0.09086237492080836,-0.13244838129511463,1.1724629849716932,0.0033597312214922927,-0.005279577633781215,0.1127909767218618,-0.017518598512116436,0.1627069834413263,-0.37844972402207583,-0.04557499999999992,-0.16582299999999994,-0.903718,0.14747100000000013,0.32493700000000003,-0.880891,0.19304600000000005,0.49076,0.02282700000000004,0.8117259225686647,0.27173,single,-0.880891
385,1.604167,walk,1.629761,-0.594154,0.927196,0.036071,0.00223,-0.730491,0.1648668106551801,0.7919366450684501,-0.021358291336695416,0.05775818424080735,0.029208079272567532,0.5401249691502042,0.006719462442984944,0.023998080153586166,0.10463162946964694,-0.018478521718288524,0.15454763618911996,-0.33165346772259596,-0.04623400000000011,-0.16902300000000003,-0.903193,0.14670699999999992,0.322281,-0.882184,0.19294100000000003,0.491304,0.021009000000000055,0.8207357869260035,0.28991,single,-0.882184
386,1.608333,walk,1.630464,-0.590853,0.927202,0.036214,0.002586,-0.731163,0.1687469995198941,0.7923667786845675,0.0014402304368579754,0.0646679025595792,-0.15584648680148852,0.4820267724343833,0.006721075372092717,0.03240518482957094,0.11521843494958908,-0.03840614498318137,0.17930868939029698,-0.3053288526164108,-0.04690899999999987,-0.17218900000000004,-0.9027189999999999,0.14584400000000008,0.319727,-0.883462,0.19275299999999995,0.491916,0.01925699999999997,0.8002045726094043,0.30743,single,-0.883462
387,1.6125,walk,1.63123,-0.587474,0.927171,0.035823,0.002958,-0.731839,0.18382529397649114,0.810895128389701,-0.007439404847612913,0.2452625745125096,0.026454194074530965,0.4760886476328622,0.003839692824577845,0.03383729301654563,0.1269498440124776,-0.0011999040076872372,0.19366450683945188,-0.21718262538996788,-0.047658999999999896,-0.175427,-0.9021589999999999,0.145073,0.3171550000000001,-0.884336,0.1927319999999999,0.4925820000000001,0.017822999999999922,0.780936535486561,0.33678525295956496,single,-0.884336
388,1.616667,walk,1.632002,-0.584155,0.927195,0.03535,0.003291,-0.732493,0.1852651787856945,0.7964962802975873,0.005759539236866767,0.2588254211587605,0.0676542235529813,0.4592161241910989,-0.003839692824577845,0.03167746580274058,0.12502999760019118,-0.009839212862960744,0.19006479481640348,-0.1831053515718728,-0.04844699999999991,-0.17861400000000005,-0.901662,0.14426000000000005,0.31462799999999996,-0.885123,0.19270699999999996,0.493242,0.01653899999999997,0.784937312881836,0.3944427145257936,single,-0.885123
389,1.620833,walk,1.632749,-0.580796,0.927308,0.035279,0.003675,-0.733044,0.17930868939031985,0.8062890062410196,0.027124339894390944,0.14729044998341317,-0.09194674444361263,0.3946424584095318,0.0052808449351817235,0.04560729716755363,0.151224195871343,-0.027124339894390944,0.17354776764283436,-0.13610177628420853,-0.049171999999999993,-0.18178300000000003,-0.901145,0.14339999999999997,0.311992,-0.885803,0.19257199999999997,0.493775,0.015341999999999967,0.7365998486929203,0.476226374032442,single,-0.885803
390,1.625,walk,1.633515,-0.57744,0.927426,0.034964,0.00408,-0.733642,0.18382529397649114,0.8053755699544036,0.02831773458122164,0.23343144905401758,-0.012198500107761245,0.42472973873669645,0.0026397888168906074,0.05039596832254425,0.14710823134149215,-0.06863450923926237,0.15502759779217062,-0.0777537796976231,-0.049927000000000055,-0.184929,-0.90065,0.14234799999999992,0.30928199999999995,-0.886245,0.19227499999999997,0.49421099999999996,0.014405000000000001,0.740794194613481,0.545082476442528,double,-0.886245
391,1.629167,walk,1.634289,-0.574093,0.927595,0.034867,0.004584,-0.73411,0.18574514038878007,0.803215742740572,0.04055675545955686,0.19967166844082998,-0.1231391996838866,0.33890232906351164,0.0011999040076872372,0.057595392368614384,0.1547876169906395,-0.067194624430059,0.17110631149508368,-0.09527237820974285,-0.050696000000000074,-0.18803599999999998,-0.9001739999999999,0.1412939999999998,0.306648,-0.8868109999999999,0.19198999999999988,0.49468399999999996,0.013363000000000014,0.7247330822367173,0.5212882325742298,double,-0.8868109999999999
392,1.633333,walk,1.635044,-0.570785,0.927917,0.034786,0.005056,-0.734586,0.1812289966394284,0.7940470475276197,0.07729236677869727,0.18304815552989478,-0.11827819479867338,0.34454165622455146,-0.004800768122931239,0.058569371099356046,0.16946711473836212,0.0014402304369113513,0.18482957273164016,-0.12890062409985997,-0.051471000000000044,-0.19110000000000005,-0.89979,0.14054500000000014,0.30411,-0.88767,0.1920160000000002,0.49521000000000004,0.01212000000000002,0.70105499584516,0.5032285239161619,double,-0.88767
393,1.6375,walk,1.635838,-0.567441,0.928234,0.035004,0.005585,-0.735027,0.1905447564194757,0.8024958003359702,0.07607391408687528,0.10631109699378619,-0.24273786572449335,0.325545465998777,-0.011039116870647982,0.06431485481162562,0.15694744420446288,-0.07655387568998748,0.11711063114950437,-0.13630909527237695,-0.052310999999999996,-0.19417600000000002,-0.8994530000000001,0.139432,0.30125399999999997,-0.888555,0.191743,0.49543,0.010898000000000074,0.7167119502214647,0.5654625069320522,double,-0.888555
394,1.641667,walk,1.636598,-0.564105,0.928617,0.035121,0.006133,-0.735421,0.18238540916728777,0.8005759539236813,0.09191264698824557,0.1468708919415125,-0.213926152690671,0.2918105186007026,-0.004079673626093978,0.0710343172546102,0.16726661867050502,-0.09887209023274629,0.07871370290376589,-0.14710823134149215,-0.053088000000000024,-0.19721600000000006,-0.899139,0.13826000000000005,0.29824599999999996,-0.889551,0.19134800000000007,0.495462,0.009588000000000041,0.6970485935271862,0.5808881904222922,double,-0.889551
395,1.645833,walk,1.637391,-0.560777,0.929084,0.035194,0.006642,-0.735705,0.19035045607297696,0.7988478156504817,0.11209793566970293,0.14979457089935955,-0.18727212974080798,0.21289858845793833,-0.0328852616418747,0.06817090734518824,0.20787325972154944,-0.08113298127698997,0.04896783485358423,-0.12169947191550161,-0.05401800000000012,-0.20026,-0.89874,0.13712900000000006,0.295122,-0.890525,0.19114700000000018,0.495382,0.008214999999999972,0.6312935330827232,0.6607768858559869,double,-0.890525
396,1.65,walk,1.638201,-0.557381,0.929549,0.035295,0.007339,-0.736026,0.19438444924406392,0.814974802015865,0.11159107271417301,0.2062095642920611,-0.2576556617208032,0.24312870040360834,-0.03407727381806358,0.08135349172066084,0.20590352771779225,-0.10127189824817945,0.04343652507799256,-0.11351091912647535,-0.05496999999999996,-0.20331699999999997,-0.898347,0.13589699999999993,0.291907,-0.891463,0.1908669999999999,0.495224,0.006884000000000001,0.6266669868578509,0.6674921858085553,double,-0.891463
397,1.654167,walk,1.639033,-0.554074,0.930102,0.035423,0.008105,-0.73618,0.19966402687783477,0.793616510679154,0.1327093832493452,0.22542809196222,-0.2917827335088868,0.12713806098152844,-0.006719462443037872,0.0909527237821011,0.22366210703143632,-0.11159107271416706,0.04223662107031633,-0.08303335733141264,-0.055830000000000046,-0.206245,-0.897968,0.13460000000000005,0.288776,-0.892362,0.1904300000000001,0.495021,0.005606,0.597430864251423,0.701664685426189,double,-0.892362
398,1.658333,walk,1.639818,-0.550634,0.930706,0.035442,0.00885,-0.736268,0.1884301488238152,0.8257321171387193,0.14498319731157763,0.25499052869513567,-0.24733913878836913,0.07860892404912875,-0.007441190590468405,0.08425348055688445,0.24147863658184648,-0.10849735957755799,0.044167066730666574,-0.05712914066250494,-0.056645999999999974,-0.20933400000000002,-0.8975660000000001,0.1333629999999999,0.28551999999999994,-0.893204,0.19000899999999987,0.49485399999999996,0.004362000000000088,0.5735614143840078,0.7391618203093097,double,-0.893204
399,1.6625,walk,1.640694,-0.54723,0.931296,0.035396,0.009618,-0.736393,0.2102231821454505,0.8168946484281105,0.14158867290616148,0.2833168510685169,-0.231305578849289,0.10503879941849775,-0.017518598512116436,0.11159107271416706,0.2315814734821198,-0.09071274298055833,0.051595872330218166,-0.03575713942884621,-0.05759500000000006,-0.21227300000000004,-0.897191,0.1321089999999998,0.282331,-0.893943,0.18970399999999987,0.49460400000000004,0.0032479999999999176,0.5705641696381782,0.783660838919909,double,-0.893943
400,1.666667,walk,1.641519,-0.543857,0.931938,0.035788,0.010368,-0.736484,0.19798416126707255,0.8094552435805408,0.1540676745860477,0.1353316782651543,-0.38078922527649817,0.08673872041595349,-0.10223182145429731,0.15742740580754017,0.27693784497241375,-0.07727381809454,0.05471562275018392,-0.06551475881929636,-0.058845999999999954,-0.21499000000000001,-0.896679,0.13096200000000002,0.27918600000000005,-0.894858,0.18980799999999998,0.49417600000000006,0.0018209999999999615,0.5,0.7898899539763309,single,-0.894858
401,1.670833,walk,1.642337,-0.540527,0.932611,0.03596,0.011124,-0.736402,0.1963514162265874,0.7993278924627853,0.16154584733555094,0.21311938524827956,-0.30701767379143124,-0.03885263152390784,-0.07921267402782824,0.11785885741718813,0.237638022083528,-0.05664906385019119,0.05088814210273264,-0.08041286605856764,-0.05999399999999988,-0.21782900000000005,-0.896362,0.12990800000000013,0.276068,-0.8958659999999999,0.18990200000000002,0.49389700000000003,0.000496000000000052,0.5386096267858318,0.8104612869688556,double,-0.8958659999999999
402,1.675,walk,1.64297,-0.536929,0.933239,0.036274,0.011939,-0.735699,0.15190784737223442,0.8634509239260769,0.15070794336454718,0.20267644050060607,-0.3834293778511643,-0.4749598980670206,0.010799136069078563,0.14374850011999318,0.2335013198944054,-0.05543556515480933,0.033597312215016176,-0.07367410607151413,-0.060582000000000136,-0.22082800000000002,-0.8960170000000001,0.12904399999999994,0.27260999999999996,-0.8968010000000001,0.18962600000000007,0.493438,0.0007840000000000069,0.5348031036833744,0.8364478066866123,double,-0.8960170000000001
403,1.679167,walk,1.6438,-0.533618,0.933966,0.036123,0.01228,-0.735599,0.19918406527474924,0.7945764338852718,0.17446604271656266,0.1719244549816565,-0.05846239947526246,-0.06484928441958415,-0.030957523398085603,0.15910727141827793,0.27021838252939606,-0.0292776577873661,0.03143748500121112,-0.07007439404847574,-0.061540999999999846,-0.223476,-0.8956179999999999,0.1280920000000001,0.26943000000000006,-0.89782,0.18963299999999994,0.49290600000000007,0.0022020000000000373,0.47797999999999996,0.8630093534217214,single,-0.8956179999999999
404,1.683333,walk,1.644575,-0.530326,0.934762,0.036203,0.012715,-0.735498,0.18602976476235963,0.7902064330293226,0.1910705712914161,0.12991958937513337,-0.17067406120152767,-0.059977235205803496,-0.02904464714355278,0.19419107057131077,0.2969275084013524,-0.0045607297167526975,0.020403264522324518,-0.048007681228997595,-0.062436999999999854,-0.22595900000000002,-0.895177,0.12729800000000013,0.266223,-0.898816,0.189735,0.492182,0.003638999999999948,0.46360999999999997,0.9127291744735857,single,-0.895177
405,1.6875,walk,1.645404,-0.527087,0.935599,0.036182,0.013068,-0.735279,0.19894408447328638,0.7772978161746982,0.200863930885522,0.13681592670573656,-0.10957688510267188,-0.14709123771162852,-0.022078233741295965,0.1715862730981559,0.28317734581233295,0.011039116870647982,0.011759059275249667,-0.03863690904727626,-0.06335800000000003,-0.228483,-0.8948339999999999,0.12651499999999993,0.26303299999999996,-0.899814,0.18987299999999996,0.49151599999999995,0.0049800000000000955,0.45019999999999993,0.9302196239570545,single,-0.8948339999999999
406,1.691667,walk,1.646228,-0.523867,0.936397,0.036146,0.013589,-0.735137,0.19774418046554587,0.7727381809455186,0.19150467962564682,0.19898187382221233,-0.1580542108673347,-0.08836902714826408,-0.051115910727145934,0.20998320134388107,0.32421406287496707,0.025437964962788256,0.005759539236866767,-0.024238060955122667,-0.06439499999999998,-0.23082800000000003,-0.894281,0.12579699999999994,0.259837,-0.900713,0.19019199999999992,0.490665,0.006431999999999993,0.43568,0.9406576328849725,single,-0.894281
407,1.695833,walk,1.647064,-0.520612,0.937152,0.036132,0.013769,-0.734892,0.2006721075372253,0.7813250120019425,0.18122899663945505,0.07423706195939067,-0.05608121637776452,-0.16921021649071996,-0.014882381180990903,0.20667306769083604,0.3276524243879101,0.03240518482957267,0.01032165146422488,-0.03648583773403824,-0.06529300000000005,-0.23322200000000004,-0.893671,0.12509599999999987,0.25662499999999994,-0.90162,0.19038899999999992,0.489847,0.007948999999999984,0.42051000000000005,0.9168694325516535,single,-0.893671
408,1.7,walk,1.64792,-0.517293,0.937967,0.03594,0.013859,-0.734691,0.20542356611470156,0.7964962802975607,0.1955843532517408,0.09940450599703306,0.036489069750402975,-0.14255729634001066,-0.035997120230403974,0.224382049436048,0.36429085673145833,0.03527717782580229,0.015598752099840834,-0.05495560355171545,-0.06629900000000011,-0.23560599999999998,-0.892968,0.12438700000000003,0.253371,-0.902664,0.19068600000000013,0.488977,0.009696000000000038,0.40304000000000006,0.8880982734697924,single,-0.892968
409,1.704167,walk,1.648816,-0.513997,0.938651,0.035985,0.014799,-0.734611,0.21502279817614617,0.7909767218622368,0.164146868250543,0.31847342692973246,-0.32239916575522765,-0.03265893979113815,-0.031197504199655026,0.23374130069594984,0.35757139428845547,0.02567794576430439,0.01583873290137029,-0.035997120230382325,-0.06732500000000008,-0.23792799999999992,-0.892162,0.12359799999999987,0.25014100000000006,-0.903498,0.19092299999999995,0.488069,0.011336000000000013,0.38663999999999993,0.9217196096735851,single,-0.892162
410,1.708333,walk,1.649703,-0.510747,0.939323,0.036061,0.015214,-0.734549,0.2129140662505607,0.7801248199711948,0.16130580892942573,0.12301680679523361,-0.16244441841844365,-0.03257657402985469,-0.02016322611617155,0.24651944311089102,0.37325972155543885,0.008401344215075922,0.01872299567930025,-0.04368698991838447,-0.06829599999999991,-0.240151,-0.891279,0.12274600000000002,0.24696899999999994,-0.904352,0.19104199999999993,0.48711999999999994,0.013073000000000001,0.36927,0.9195552943535418,single,-0.891279
411,1.7125,walk,1.650581,-0.507555,0.94012,0.036244,0.015113,-0.734472,0.2107031437485473,0.7660187185025482,0.19126469882408761,-0.09323075420677213,-0.03245638023397886,-0.05491424968388873,-0.012958963282937596,0.2721382289416895,0.3906887449004252,-0.01103911687064857,0.009599232061445124,-0.023758099352053367,-0.06922800000000007,-0.242209,-0.8904479999999999,0.12182199999999987,0.243817,-0.9052479999999999,0.19104999999999994,0.486026,0.014800000000000035,0.352,0.9534986666178225,single,-0.8904479999999999
412,1.716667,walk,1.651519,-0.504288,0.940765,0.035806,0.014896,-0.734537,0.22510199184062304,0.7840172786177094,0.15478761699064117,0.06472801323895243,0.2257920002634427,0.03534436107157053,0.0014398848092033701,0.29925605951523604,0.40460763138948574,-0.01367890568753859,-0.0004799616030722306,-0.005279577633789541,-0.07016,-0.24422900000000003,-0.889407,0.12082700000000002,0.24054799999999998,-0.9059149999999999,0.19098700000000002,0.484777,0.016507999999999967,0.33492,0.9755495532908218,single,-0.889407
413,1.720833,walk,1.652409,-0.501096,0.941556,0.035623,0.014804,-0.734519,0.21363418146904298,0.7662025924147589,0.18987037926067318,0.027736851576764004,0.09436570483706845,-0.01705861434359472,-0.010081613058059127,0.3444551128180328,0.4188670187229834,-0.009841574651933896,0.005040806529042888,-0.021603456553047847,-0.07109199999999993,-0.24598600000000004,-0.8884529999999999,0.119896,0.237377,-0.9067959999999999,0.19098799999999994,0.48336300000000004,0.018342999999999998,0.31657,0.9595519655355906,single,-0.8884529999999999
414,1.725,walk,1.6533,-0.49789,0.942219,0.035325,0.014763,-0.73464,0.21382289416845893,0.769378449724013,0.15910727141830458,0.07962039081437977,0.11964083384913572,0.0813041126553654,-0.005039596832265082,0.37652987760979856,0.4139668826493859,-0.00455963522917953,0.0047996160307089844,-0.020878329733620384,-0.07200399999999996,-0.24762299999999998,-0.887391,0.11898600000000004,0.23419099999999998,-0.9075460000000001,0.19099,0.48181399999999996,0.020155000000000034,0.29845,0.9634953868999185,single,-0.887391
415,1.729167,walk,1.654129,-0.494742,0.942903,0.035201,0.014568,-0.734603,0.1989440844732437,0.7554595632349719,0.16414686825055175,-0.02731574957260437,0.10685363352368524,-0.032439312768469016,-0.020158387329008116,0.41588672906169033,0.440844732421426,-0.0007199424046017234,0.010559155267589635,-0.017998560115192956,-0.0729169999999999,-0.24903799999999998,-0.8862380000000001,0.11815400000000009,0.23108700000000004,-0.908305,0.191071,0.480125,0.022066999999999948,0.27932999999999997,0.965200485186523,single,-0.8862380000000001
416,1.733333,walk,1.654991,-0.491584,0.943557,0.035181,0.014415,-0.734755,0.20691310609700356,0.7580412866058348,0.1569851176187985,-0.051237361232256966,0.0582542023363543,0.10376649499823427,-0.019203072491617335,0.47215554488718153,0.4378300528084372,-0.006000960153663729,0.014162265962547797,-0.013922227556407577,-0.07385900000000012,-0.2502289999999999,-0.885068,0.11726699999999979,0.22798800000000002,-0.909017,0.1911259999999999,0.47821699999999995,0.023948999999999998,0.26051,0.9654228029503309,single,-0.885068
417,1.7375,walk,1.655867,-0.488396,0.944137,0.035051,0.014454,-0.734992,0.2102231821453972,0.7650587952963762,0.13918886489081367,0.05013355318812483,0.03543293567378096,0.16711380828360267,-0.04679625629948254,0.5173986081113318,0.456443484521235,-0.016798656107461462,0.018478521718260896,-0.015358771298296393,-0.07492999999999994,-0.251261,-0.883746,0.11632100000000012,0.224877,-0.909661,0.19125100000000006,0.476138,0.02591500000000002,0.24085,0.9511367421691932,single,-0.883746
418,1.741667,walk,1.656755,-0.48525,0.944656,0.0347,0.014267,-0.735189,0.21310295176385724,0.7549796016318594,0.1245500359971306,0.043490059167853375,0.18656775004283122,0.13103396108623339,-0.04799616030716977,0.5812335013198985,0.453563714902805,-0.01847852171828754,0.016318694504442517,-0.017758579313654214,-0.07601799999999992,-0.25198499999999996,-0.882375,0.11535600000000001,0.22179900000000002,-0.910254,0.19137399999999993,0.473784,0.027878999999999987,0.22121000000000002,0.9493617762274524,single,-0.882375
419,1.745833,walk,1.657611,-0.4821,0.945197,0.034472,0.014163,-0.735454,0.20547287566010325,0.7561209793567266,0.12986077772441593,0.03099732970863649,0.11680222948793022,0.18264233566148688,-0.06481036965914534,0.6051368218915172,0.4673547767642921,-0.02064330292847641,0.010561689870376771,-0.017522803648585095,-0.07714399999999988,-0.252614,-0.880969,0.11441400000000002,0.21869299999999997,-0.910868,0.1915579999999999,0.471307,0.02989900000000001,0.20101000000000008,0.95155920290299,single,-0.880969
420,1.75,walk,1.658443,-0.478848,0.945584,0.034714,0.013669,-0.735506,0.19966402687783477,0.780417566594661,0.09287257019439003,-0.25428824237372977,0.07544626502608677,0.027893319135611837,-0.06791456683466068,0.6263498920086348,0.4665226781857419,-0.020638348932092595,0.00863930885528683,-0.009359251259898506,-0.07825899999999986,-0.253256,-0.879412,0.11349600000000004,0.21547699999999997,-0.9112939999999999,0.1917549999999999,0.46873299999999996,0.031881999999999966,0.18118000000000006,0.9595794782496373,single,-0.879412
421,1.754167,walk,1.659279,-0.475774,0.94601,0.034521,0.013344,-0.735731,0.20062395008400588,0.7377009839212858,0.10223182145429187,-0.057339673795828355,0.17590883943686797,0.14939367400613904,-0.08279337652988651,0.6755459563234918,0.5039596832253392,-0.02567794576430439,0.00863930885530015,-0.005999520038397887,-0.07943999999999996,-0.253515,-0.877738,0.11255300000000013,0.212439,-0.911745,0.19199300000000008,0.465954,0.03400700000000001,0.15993000000000002,0.9537522133603803,single,-0.877738
422,1.758333,walk,1.660106,-0.472597,0.946402,0.034338,0.013187,-0.736006,0.19851176188193823,0.7626020163226279,0.09409505520882336,-0.0025592643756625713,0.11832714348318901,0.18922178560393246,-0.07897263562170721,0.6987518002880635,0.5187229956793212,-0.024963994239103865,0.01584253480557182,-0.012962073931829066,-0.08059600000000011,-0.253781,-0.875969,0.11162199999999989,0.20932800000000001,-0.912191,0.192218,0.463109,0.036221999999999976,0.13778000000000007,0.9461947369868283,single,-0.875969
423,1.7625,walk,1.660863,-0.46948,0.946718,0.034073,0.01276,-0.736289,0.1816654667626328,0.7480201583873187,0.0758339332853325,-0.07138380395724973,0.23499689789620334,0.18784112566468442,-0.08279337652988651,0.7379409647228019,0.5625149988000915,-0.026877849771991626,0.019438444924405357,-0.014638828893688047,-0.08169800000000005,-0.253823,-0.873941,0.1107530000000001,0.20629200000000003,-0.9125679999999999,0.19245100000000015,0.46011500000000005,0.03862699999999997,0.11373000000000005,0.9395717307503358,single,-0.873941
424,1.766667,walk,1.66164,-0.466444,0.946993,0.033876,0.01242,-0.736543,0.18646508279338175,0.7285817134629133,0.06599472042237176,-0.06207235536366318,0.1824429180176664,0.16990103911324747,-0.09527237820973786,0.7580993520518355,0.5730741540676705,-0.022078233741295965,0.016078713702899743,-0.011759059275257994,-0.08287200000000006,-0.2537,-0.8718279999999999,0.10988400000000009,0.20332300000000003,-0.9128919999999999,0.19275600000000015,0.457023,0.04106399999999999,0.08936000000000005,0.9504394614157441,single,-0.8718279999999999
425,1.770833,walk,1.662387,-0.463429,0.94727,0.0341,0.012264,-0.736817,0.1793086893903103,0.7237157945271154,0.06649063850215174,-0.13443758447194012,-0.026002018221926524,0.1938818096493877,-0.09769563130101658,0.8079692750839865,0.5964954392702672,-0.012962073931828376,0.004320691310613901,-0.010321651464234324,-0.08402600000000016,-0.25334900000000005,-0.86962,0.10908300000000004,0.200326,-0.9132119999999999,0.1931090000000002,0.45367500000000005,0.043591999999999964,0.06408000000000003,0.9714605427636224,single,-0.86962
426,1.775,walk,1.663189,-0.460405,0.947457,0.033962,0.012158,-0.737283,0.1924646028317749,0.7257019438445187,0.04487640988722265,-0.003696217910908793,0.08783401078273761,0.3268982996411139,-0.09647228221743025,0.8192944564435287,0.5963522918166821,-0.010319174466046847,0.0019198464122757032,-0.010799136069114108,-0.08523000000000014,-0.252959,-0.867322,0.10823800000000006,0.19730999999999999,-0.913444,0.1934680000000002,0.450269,0.046121999999999996,0.03878000000000004,0.9749006135673332,single,-0.867322
427,1.779167,walk,1.663865,-0.457466,0.947638,0.03401,0.011667,-0.737576,0.16222702183822743,0.7053035757139435,0.04343652507799024,-0.19611914544323136,0.14493986637626458,0.19770182954579713,-0.10271178305732413,0.8444924406047571,0.5965922726181865,-0.010079193664530164,0.002399808015361153,-0.009839212862970736,-0.08633399999999991,-0.25237899999999996,-0.8650169999999999,0.10752000000000006,0.19438099999999997,-0.913666,0.19385399999999997,0.44675999999999993,0.04864900000000005,0.013510000000000022,0.9761859440898782,single,-0.8650169999999999
428,1.783333,walk,1.664538,-0.454565,0.947873,0.034011,0.011297,-0.737869,0.16154584733560423,0.696351416226574,0.05640902544406596,-0.1381061040398115,0.12244702434293436,0.19998808480675098,-0.10345655304850178,0.8883821411425475,0.5777724435909602,-0.007441190590468405,0.006000960153623755,-0.006240998559770637,-0.08743800000000013,-0.251579,-0.862845,0.10681600000000002,0.19150499999999998,-0.9139269999999999,0.19425400000000015,0.443084,0.05108199999999996,0.0,0.9809727605207608,single,-0.862845
429,1.7875,walk,1.665187,-0.451681,0.948062,0.033861,0.010912,-0.738153,0.155747540196759,0.6921046316294638,0.045356371490279164,-0.09422820569159708,0.180686360876565,0.19193624137613724,-0.10199184065272245,0.90712742980561,0.5670746340292709,-0.005279577633834501,0.006959443244540683,-0.0031197504199661683,-0.08851199999999992,-0.250683,-0.860671,0.10614499999999993,0.18864999999999998,-0.914129,0.19465699999999986,0.439333,0.053458000000000006,0.0,0.9845403183024226,single,-0.860671
430,1.791667,walk,1.665902,-0.448782,0.948229,0.033865,0.010465,-0.738579,0.17158627309816507,0.695704343652536,0.040076793856500086,-0.1693496309243473,0.14763851789157725,0.29307726951800334,-0.10079193664509387,0.9594432445404676,0.5555555555555803,-0.005519558435297642,0.007199424046083843,-0.00623950083993267,-0.08964700000000003,-0.24958400000000003,-0.858523,0.10540700000000003,0.18578100000000003,-0.914322,0.19505400000000006,0.43536500000000006,0.05579899999999993,0.0,0.9816493564563713,single,-0.858523
431,1.795833,walk,1.666333,-0.445557,0.948209,0.033174,0.011206,-0.738508,0.10345655304850178,0.7741238598175576,-0.004800768122904334,0.48805650051865385,0.004864635873216846,-0.042886357739298324,-0.10729716754677195,0.9954392702832209,0.5319251080172706,-0.0012001920307327459,0.0007201152184289877,-0.005040806529044554,-0.09052499999999997,-0.24866200000000005,-0.856287,0.10497099999999993,0.18255899999999997,-0.914323,0.1954959999999999,0.431221,0.058035999999999976,0.0,0.9912808070420439,single,-0.856287
432,1.8,walk,1.666946,-0.442598,0.948419,0.032614,0.011264,-0.738766,0.14710823134148548,0.7101031917446524,0.05039596832254425,0.1960567525899032,0.1824766224302144,0.17840963757076164,-0.10007199424048681,1.0513558915286887,0.5125989920806294,0.0014398848092033701,-0.003359731221505614,-0.006239500839932337,-0.09155500000000005,-0.24723999999999996,-0.854361,0.1043639999999999,0.17958599999999997,-0.914559,0.19591899999999995,0.4268259999999999,0.060197999999999974,0.0,0.9879477488414392,single,-0.854361
433,1.804167,walk,1.667538,-0.439698,0.948663,0.032297,0.011444,-0.738903,0.1420686345092204,0.6959443244540416,0.05855531557475885,0.16333082189901585,0.055650822620372596,0.09772144888492415,-0.1394288456923298,1.043916486681049,0.4814014878809644,0.0014398848092033701,-0.005279577633781215,-0.0021598272138233727,-0.09272799999999992,-0.24579,-0.852599,0.10377799999999993,0.176664,-0.9148120000000001,0.19650599999999985,0.422454,0.062213000000000074,0.0,0.9901946638892005,single,-0.852599
434,1.808333,walk,1.66804,-0.436803,0.948784,0.032202,0.011408,-0.739066,0.12049927988478527,0.6949111857897398,0.029044647143526132,0.014342786209166267,0.046906468495940754,0.11399126509463997,-0.1567450792126816,1.1190590494479271,0.45511281805090203,0.003840614498323672,-0.0016802688430232688,-0.0012001920307244819,-0.09388299999999994,-0.24402300000000005,-0.8508239999999999,0.10329199999999994,0.17376199999999997,-0.9149379999999999,0.19717499999999988,0.417785,0.064114,0.0,0.9927324763463705,single,-0.8508239999999999
435,1.8125,walk,1.668566,-0.433913,0.948979,0.032147,0.011294,-0.739267,0.12622990160787675,0.6935445164386805,0.04679625629950918,-0.027133259269883515,0.05823904881581689,0.14041743137073318,-0.16942644588435085,1.173266138708902,0.4173266138708849,0.003839692824577845,0.0004799616030722306,-0.004559635229181195,-0.09511500000000006,-0.24202400000000002,-0.84928,0.10278199999999993,0.17087399999999997,-0.915152,0.197897,0.412898,0.06587199999999993,0.0,0.9900328487365959,single,-0.84928
436,1.816667,walk,1.66908,-0.431052,0.94917,0.032265,0.011257,-0.739369,0.12335013198941673,0.6865850731941399,0.04583633309333807,-0.053592107407244294,-0.028991061744079824,0.07358364950434587,-0.1963042956563425,1.261579073674086,0.3969282457403384,0.00455963522917953,0.0019198464122889224,-0.003359731221502284,-0.09644699999999995,-0.23962800000000006,-0.8478169999999999,0.10228700000000002,0.16802099999999998,-0.915357,0.19873399999999997,0.40764900000000004,0.06754000000000004,0.0,0.990032848736601,single,-0.8478169999999999
437,1.820833,walk,1.669603,-0.428207,0.949326,0.032462,0.011032,-0.739489,0.12554008641384176,0.6829092654824916,0.03744599135862915,-0.1462306373729413,0.00382674112297147,0.08281719652162702,-0.19371099375900697,1.3278924627941036,0.35717714834374503,0.004800768122931239,-0.002160345655300403,-0.000960153624580918,-0.097777,-0.23694099999999996,-0.846485,0.1017840000000001,0.165167,-0.915517,0.1995610000000001,0.40210799999999997,0.06903199999999998,0.0,0.9910811742639946,single,-0.846485
438,1.825,walk,1.670123,-0.425402,0.949552,0.032431,0.010955,-0.739523,0.12479001679867338,0.6731461483081307,0.05423566114709545,-0.01803613461485687,0.03619844435684388,0.0220029050225809,-0.18838492920567068,1.3914086873049978,0.31773458123349696,0.003839692824577845,-0.006719462443011228,-0.0023998080153578225,-0.09908200000000011,-0.233948,-0.845387,0.10128000000000004,0.16233399999999998,-0.9157529999999999,0.20036200000000015,0.39628199999999997,0.07036599999999993,0.0,0.9864955259450053,single,-0.845387
439,1.829167,walk,1.670653,-0.422654,0.949864,0.032366,0.010698,-0.739783,0.12718982481399457,0.6594672426205921,0.07487401007921468,-0.07597283958853171,0.10856957569864825,0.1796167857955371,-0.1953443724501714,1.4588432925365729,0.28245740340772796,0.0021598272138050553,-0.006959443244540683,-0.001679865610751142,-0.1004259999999999,-0.23061700000000007,-0.844522,0.10075900000000004,0.15955699999999995,-0.916072,0.20118499999999995,0.390174,0.07155,0.0,0.9875366479074693,single,-0.844522
440,1.833333,walk,1.671204,-0.41995,0.950237,0.032199,0.010235,-0.740218,0.1322611617858745,0.649063850216013,0.08953432549206589,-0.1199893504528639,0.21305667207399479,0.2984313197966626,-0.2417186749879867,1.5417666826692011,0.294047047527594,0.0009601536246075164,-0.005520883341333322,-0.0028804608737409347,-0.10198399999999985,-0.226898,-0.84367,0.10021200000000019,0.15682999999999997,-0.916457,0.20219600000000004,0.38372799999999996,0.07278699999999994,0.0,0.9894987960086301,single,-0.84367
441,1.8375,walk,1.671643,-0.417187,0.950464,0.032631,0.010239,-0.74042,0.10535157187427364,0.6630669546436625,0.05447564194864113,-0.1425768285104519,-0.15284534410261053,0.14973217700572253,-0.23998080153591494,1.5838732901368469,0.23782097432206648,0.0035997120230086173,-0.0028797696184202155,-0.0028797696184302067,-0.10342300000000004,-0.22306100000000006,-0.8429059999999999,0.09978799999999999,0.154055,-0.916696,0.20321100000000003,0.37711600000000006,0.07379000000000002,0.0,0.9909409234038448,single,-0.8429059999999999
442,1.841667,walk,1.672056,-0.414486,0.950729,0.03279,0.010508,-0.740496,0.09911207103431571,0.6481881449483881,0.06359491240702393,0.04249084473946299,-0.14245379284941095,0.0620335413877585,-0.25989920806333977,1.6503479721622196,0.21814254859610901,0.0033597312214922927,-0.002639788816903929,-0.004559635229181195,-0.10491899999999998,-0.218885,-0.8422620000000001,0.09938899999999995,0.151343,-0.91698,0.20430799999999993,0.370228,0.07471799999999995,0.0,0.989585459910177,single,-0.8422620000000001
443,1.845833,walk,1.67251,-0.411432,0.951109,0.03193,0.010093,-0.739538,0.10897743638980845,0.7330772923667589,0.09121459433507574,0.15177221568235105,0.4299297387276789,-0.7029897963676954,-0.2518002880460991,1.6677868458953133,0.16418626980316497,0.0004800768123037582,-0.0038406144983101423,-0.0009601536245808668,-0.10642200000000002,-0.21499099999999993,-0.841958,0.09893700000000005,0.14827300000000004,-0.917364,0.20535900000000007,0.363264,0.07540599999999997,0.0,0.9933536374916765,single,-0.841958
444,1.85,walk,1.672595,-0.40825,0.951227,0.031093,0.01169,-0.73866,0.020398368130576463,0.7636189104871596,0.028317734581248283,0.8561711945113111,-0.22692757158454346,-0.6019161565268998,-0.18406527477800727,1.7189824814014554,0.11255099592032485,0.0021598272138050553,-0.007439404847612913,0.0,-0.10727400000000009,-0.21101000000000003,-0.841607,0.09886099999999987,0.14506000000000002,-0.917482,0.20613499999999996,0.35607000000000005,0.07587500000000003,0.0,0.9870890229649147,single,-0.841607
445,1.854167,walk,1.673011,-0.405439,0.951602,0.030526,0.011516,-0.738409,0.09983201343892271,0.6745860331173833,0.0899928005759348,0.1274766561892759,0.25520373391511353,-0.1882998824554366,-0.1730261579073685,1.7787377009840228,0.08471322294216996,0.0,-0.008639308855300612,-0.0002399808015344629,-0.10841100000000004,-0.20640899999999995,-0.841629,0.0984449999999999,0.14221299999999998,-0.917858,0.20685599999999993,0.34862199999999993,0.07622899999999999,0.0,0.9855955978678603,single,-0.841629
446,1.858333,walk,1.673419,-0.402645,0.951965,0.030227,0.011379,-0.738191,0.0979356697071418,0.6706673067690692,0.08713394143062704,0.05306191500391737,0.14850910485453528,-0.16124337478648101,-0.158665386461835,1.8108497359577025,0.03888622179548513,0.0002400384061785287,-0.007441190590495055,0.0004800768122887678,-0.10948000000000002,-0.20165899999999998,-0.84183,0.09803800000000007,0.13938799999999996,-0.9182189999999999,0.2075180000000001,0.34104699999999993,0.07638899999999993,0.0,0.9875657943127514,single,-0.84183
447,1.8625,walk,1.673788,-0.399798,0.952345,0.029553,0.011238,-0.737901,0.08855291576675328,0.6832253419726342,0.09119270458364388,0.17468098344010702,0.28210511246176734,-0.2161587305703179,-0.1583873290136496,1.8716102711782916,0.017518598512119767,0.00047996160303226577,-0.006479481641468453,-0.0002399808015361153,-0.11050899999999997,-0.19670699999999997,-0.842137,0.09767099999999984,0.13651399999999997,-0.9186,0.2081799999999998,0.33322099999999993,0.07646299999999995,0.0,0.9891638931412386,single,-0.842137
448,1.866667,walk,1.674189,-0.397021,0.952691,0.029111,0.011007,-0.737562,0.09623230141585568,0.6664266858651194,0.08303335733140264,0.06862523803892946,0.22860299329284897,-0.25012501693613015,-0.14590832733385153,1.892968562514986,-0.021358291336694278,0.0004799616030855522,-0.006959443244540683,0.0,-0.111518,-0.19159599999999993,-0.842572,0.09727200000000003,0.133708,-0.9189459999999999,0.20879000000000003,0.3253039999999999,0.07637399999999994,0.0,0.9883733766468674,single,-0.842572
449,1.870833,walk,1.674603,-0.394323,0.953195,0.028032,0.011059,-0.737109,0.09937590014405838,0.6476236197791896,0.12097935669708906,0.37777805210469356,0.36174201760742675,-0.33147849098371246,-0.15170427268362513,1.953192510801767,-0.04560729716754697,-0.0026404224675908618,-0.005040806529043157,-0.003840614498318675,-0.11256400000000011,-0.18615700000000002,-0.8432660000000001,0.0968469999999999,0.13098899999999997,-0.919466,0.209411,0.317146,0.07619999999999993,0.0,0.9885578895454725,single,-0.8432660000000001
450,1.875,walk,1.674956,-0.391554,0.953571,0.027064,0.010875,-0.736803,0.08471322294212215,0.6645068394528305,0.09023278137747279,0.2552410689254369,0.3999619264378837,-0.22951138612654828,-0.13342932565394688,1.9695224382049201,-0.08279337652987652,0.0007199424046016851,-0.008159347252214599,0.0019198464122872573,-0.11347299999999994,-0.18071900000000002,-0.8439869999999999,0.09649700000000005,0.12818600000000002,-0.9198339999999999,0.20997,0.30890500000000004,0.075847,0.0,0.9859782832229849,single,-0.8439869999999999
451,1.879167,walk,1.675317,-0.388805,0.953928,0.0263,0.010626,-0.736482,0.08663306935446435,0.6597072234221215,0.08567314614831989,0.16629940022746598,0.3487401914464198,-0.23911273149674633,-0.15406767458603948,2.0419966402687604,-0.07631389488840806,0.0009599232061711044,-0.0040796736261072995,0.002879769618430053,-0.11447600000000002,-0.17495900000000003,-0.844662,0.09614000000000011,0.12542000000000003,-0.920179,0.21061600000000014,0.30037900000000006,0.07551699999999995,0.0,0.9915248299734305,single,-0.844662
452,1.883333,walk,1.67562,-0.386077,0.954291,0.025265,0.010589,-0.73612,0.07273163706197122,0.6548247719635331,0.08713394143063169,0.33007893930229654,0.37559647343381847,-0.2664459385153948,-0.1555448871819488,2.101296207393247,-0.12794047047528073,-0.0014402304368580521,-0.006961113778204992,-0.002400384061450629,-0.11542700000000017,-0.168933,-0.845558,0.095831,0.12266300000000002,-0.920552,0.21125800000000017,0.291596,0.074994,0.0,0.9874951995454597,single,-0.845558
453,1.8875,walk,1.676027,-0.383492,0.954635,0.024232,0.010049,-0.735662,0.09767218622505905,0.6203503719702386,0.08255339572834373,0.15344556120107494,0.5374615065593407,-0.342163549029371,-0.15070794336449392,2.1142308615310577,-0.1375089992800542,-0.003839692824577845,-0.00767938564915569,-0.008879289656826274,-0.11646199999999984,-0.16270800000000002,-0.846475,0.09540800000000016,0.12004599999999999,-0.920933,0.21187,0.282754,0.07445800000000002,0.0,0.9794142720862922,single,-0.846475
454,1.891667,walk,1.676362,-0.380857,0.954935,0.023574,0.009521,-0.735305,0.08039356851451203,0.632349412047031,0.07199424046075466,0.0339084811659673,0.4017218212905402,-0.2665328926069104,-0.13414926805860186,2.148308135349173,-0.16774658027357808,0.0,-0.005039596832251761,-0.0011999040076805766,-0.11735600000000002,-0.15639099999999995,-0.847474,0.09507300000000019,0.11739,-0.921238,0.2124290000000002,0.27378099999999994,0.07376400000000005,0.0,0.9913658774718352,single,-0.847474
455,1.895833,walk,1.676749,-0.378164,0.955316,0.023124,0.009009,-0.735173,0.0928948631781389,0.6464234277484223,0.09145463274125427,-0.031944108776318585,0.32458609014393286,-0.10525412241636481,-0.1274603936629435,2.182909265482402,-0.1975516082573168,-0.0014402304369112745,-0.004560729716752455,-0.0019203072491600678,-0.11827399999999999,-0.14999,-0.848678,0.09467999999999988,0.114678,-0.9216270000000001,0.21295399999999987,0.264668,0.07294900000000004,0.0,0.9914102614203776,single,-0.848678
456,1.9,walk,1.676976,-0.375392,0.955736,0.022149,0.008812,-0.735035,0.05447564194864113,0.665226781857481,0.10079193664506722,0.2501471595850989,0.4073540515098177,-0.10811776559562457,-0.12095032397410198,2.210223182145542,-0.22318214542837597,-0.00215982721380517,-0.0033597312215057932,-0.0021598272138218222,-0.11900500000000003,-0.14355199999999996,-0.850028,0.09444399999999997,0.11189199999999999,-0.922056,0.213449,0.25544399999999995,0.07202799999999998,0.0,0.9924322502486209,single,-0.850028
457,1.904167,walk,1.677234,-0.372604,0.956047,0.021465,0.008719,-0.7348,0.0619150467962245,0.6690664746820234,0.07463402927764527,0.19360554620436132,0.2702351309090257,-0.17295194002286848,-0.11495080393565935,2.2654187664986636,-0.23902087832973104,-0.0033597312214922927,-0.0040796736261072995,-0.007439404847612913,-0.11974199999999979,-0.13689999999999997,-0.851335,0.09417200000000014,0.10908699999999999,-0.9223979999999999,0.21391399999999994,0.24598699999999996,0.07106299999999999,0.0,0.9847906940710162,single,-0.851335
458,1.908333,walk,1.677484,-0.369963,0.956341,0.020971,0.008204,-0.734613,0.060009601536264195,0.6339414306288843,0.07057129140662709,-0.01781382120223431,0.3408749565356741,-0.14311448845335575,-0.1118578972635777,2.2870859337493328,-0.2676428228516501,-0.0012001920307327459,-0.003840614498323467,-0.0016802688430148512,-0.12045799999999995,-0.130013,-0.852744,0.09391700000000003,0.10642999999999997,-0.922699,0.21437499999999998,0.23644299999999996,0.0699550000000001,0.0,0.9927324763463724,single,-0.852744
459,1.9125,walk,1.677767,-0.367304,0.956652,0.020484,0.007764,-0.734486,0.06791456683466068,0.6381089512838845,0.07463402927764527,0.0054454835433965015,0.31425529260184476,-0.09920156712389493,-0.1111111111111348,2.3225341972641926,-0.2930165586753037,-0.0007199424046016851,0.0,0.0028797696184317185,-0.12120400000000009,-0.12299399999999999,-0.8542759999999999,0.09363100000000002,0.103771,-0.922998,0.2148350000000001,0.226765,0.06872200000000006,0.0,0.9950526690357364,single,-0.8542759999999999
460,1.916667,walk,1.677946,-0.364585,0.956943,0.019962,0.007456,-0.734378,0.04295656347490698,0.6525077993760862,0.06983441324695333,0.06309557227358199,0.2837305733753763,-0.0841850583839143,-0.09551235901125908,2.3407727381810486,-0.308615310775151,-0.004799616030749205,-0.005519558435324285,-0.009839212862972926,-0.12178099999999992,-0.11595900000000003,-0.855853,0.09343199999999996,0.10102899999999998,-0.92333,0.21521299999999988,0.21698800000000001,0.06747700000000001,0.0,0.9795663710511816,single,-0.855853
461,1.920833,walk,1.678213,-0.361918,0.957192,0.019662,0.006939,-0.73427,0.0640902544407129,0.6401824291886467,0.059769563130112315,-0.08292434656602432,0.2735815328911027,-0.0852400285712247,-0.10801728276525424,2.367498799807907,-0.3216514642342672,-0.0019203072491617336,-0.004320691310600575,-0.004080652904463687,-0.122498,-0.108763,-0.857442,0.09315699999999993,0.09834400000000004,-0.9235960000000001,0.21565499999999993,0.20710700000000004,0.06615400000000005,0.0,0.9895906450382106,single,-0.857442
462,1.925,walk,1.67844,-0.359265,0.95751,0.019078,0.006457,-0.734184,0.05447564194863823,0.6366690664746811,0.07631389488839141,0.021687413255695707,0.3623562377938927,-0.07078751424591892,-0.11159107271416706,2.390448764098853,-0.3659707223422095,-0.00911927045835906,0.005279577633781215,-0.005759539236861772,-0.12318999999999991,-0.10145500000000002,-0.859285,0.09289199999999997,0.09571299999999999,-0.9239379999999999,0.21608199999999989,0.197168,0.06465299999999996,0.0,0.9799856075462922,single,-0.859285
463,1.929167,walk,1.67865,-0.356615,0.95775,0.018587,0.005829,-0.734116,0.05039596832254425,0.6359491240700661,0.057595392368614384,-0.06030079677588058,0.3772407854755376,-0.0591495577720612,-0.10271178305737742,2.402927765778718,-0.3582913366930638,0.0009599232061711044,0.0028797696184333834,0.003599712023038399,-0.12382800000000005,-0.09409200000000001,-0.861018,0.09268600000000005,0.09307500000000002,-0.924163,0.2165140000000001,0.18716700000000003,0.063145,0.0,0.992152061086961,single,-0.861018
464,1.933333,walk,1.678743,-0.35399,0.957887,0.01836,0.00551,-0.733961,0.022323571771513003,0.6301008161305944,0.032885261641876454,-0.03644491547926911,0.18306029839833385,-0.11509843431225832,-0.09673547767641422,2.4613538166107314,-0.3643783005280952,-0.0024003840614656197,-0.0045607297167526975,-0.009601536245799186,-0.1243240000000001,-0.08646299999999996,-0.862673,0.09258299999999986,0.09043100000000004,-0.92434,0.21690699999999996,0.176894,0.06166700000000003,0.0,0.981837798907315,single,-0.862673
465,1.9375,walk,1.67894,-0.35139,0.958097,0.018152,0.004917,-0.733919,0.04727621790256809,0.623950083993287,0.0503959683225176,-0.1405153237787557,0.26628336463353774,-0.03808873770778314,-0.10583153347730029,2.4475641948643823,-0.38708903287736435,-0.0011999040076872372,-0.001679865610759468,-0.004559635229181195,-0.12496200000000002,-0.07886400000000005,-0.8644959999999999,0.09238099999999982,0.08782399999999996,-0.924569,0.21734299999999984,0.166688,0.06007300000000004,0.0,0.9916580059136741,single,-0.8644959999999999
466,1.941667,walk,1.679098,-0.348754,0.958279,0.017922,0.004439,-0.733861,0.03791696664263961,0.6325893928485605,0.04367650587953302,-0.09265963977522756,0.23645470285531808,-0.04788506712291784,-0.10295176385889356,2.471802255819523,-0.39836813054955506,-0.0007199424046016851,-0.0007199424046016851,-0.004079673626110629,-0.1255489999999999,-0.07119999999999999,-0.866338,0.09221999999999997,0.08518500000000001,-0.924768,0.21776899999999988,0.156385,0.05842999999999998,0.0,0.9929919944532719,single,-0.866338
467,1.945833,walk,1.679216,-0.34614,0.958395,0.017841,0.004122,-0.733735,0.028324531925123755,0.6274603936630035,0.02784445511281997,-0.08380342701163662,0.13109193778863487,-0.09295361958011873,-0.12313970235237613,2.5057609217475387,-0.4030244839174372,0.0007201152184290261,0.00024003840613856707,-0.005040806529044822,-0.12617999999999996,-0.06337500000000001,-0.868133,0.09210499999999988,0.08257199999999998,-0.924905,0.21828499999999984,0.145947,0.056771999999999934,0.0,0.991503936397187,single,-0.868133
468,1.95,walk,1.679375,-0.34354,0.958544,0.017651,0.003457,-0.733594,0.03815694744420903,0.6239500839932737,0.03575713942883455,-0.17059480215202746,0.2828022124945141,-0.10798083716980204,-0.12263018958486833,2.5322774178065575,-0.4058075353971647,-0.008159347252187955,0.013438924886009136,-0.0055195584353256565,-0.12685000000000013,-0.055423,-0.869973,0.091912,0.08002799999999999,-0.9250769999999999,0.21876200000000012,0.135451,0.05510399999999993,0.0,0.9722288531528296,single,-0.869973
469,1.954167,walk,1.679544,-0.340898,0.958668,0.01733,0.002826,-0.733522,0.04055675545953022,0.6340292776577905,0.029757619390451653,-0.11663384090303705,0.31830587387362735,-0.05962617859826905,-0.11231101511876874,2.5226781857451264,-0.4245260379169617,-0.003599712023061712,-0.00911927045835906,-0.011519078473721878,-0.1274869999999999,-0.04755300000000001,-0.8718659999999999,0.09172800000000003,0.07734799999999997,-0.925249,0.21921499999999994,0.12490099999999998,0.05338300000000007,0.0,0.9747893216393531,single,-0.8718659999999999
470,1.958333,walk,1.679677,-0.338318,0.958753,0.017456,0.002479,-0.733423,0.03192510801732048,0.6192990878540328,0.020403264522323432,-0.16229453937852692,0.0681324373536517,-0.07197331304220492,-0.12433989438310232,2.554248679788699,-0.43470955352855434,-0.005040806529056213,-0.0014402304368713,-0.011281805088813525,-0.12813800000000009,-0.03949199999999997,-0.8737619999999999,0.09157399999999982,0.074762,-0.925381,0.2197119999999999,0.11425399999999997,0.05161900000000008,0.0,0.9792660289328623,single,-0.8737619999999999
471,1.9625,walk,1.679777,-0.335718,0.958815,0.017531,0.002017,-0.733342,0.023998080153586166,0.6239500839933069,0.014878809695226619,-0.18625890416010898,0.12370841934546006,-0.0613558295226408,-0.10751139908807882,2.556515478761808,-0.4422846172306411,-0.0016798656107195925,0.010799136069119104,-0.003119750419966335,-0.12868600000000008,-0.031438999999999995,-0.875667,0.09146699999999996,0.07220700000000002,-0.925456,0.22015300000000004,0.10364600000000002,0.04978899999999997,0.0021100000000000008,0.9810573870310946,single,-0.875667
472,1.966667,walk,1.679858,-0.333114,0.958837,0.017405,0.001497,-0.733228,0.019438444924405357,0.6249100071994181,0.005279577633807858,-0.14074779583929375,0.21313508447326734,-0.08614081644538729,-0.11519078473722877,2.56443484521237,-0.4374850011999019,0.0007199424046016851,-0.0011999040076739157,-0.006959443244540683,-0.1292470000000001,-0.02335699999999996,-0.8775120000000001,0.09138899999999994,0.06959800000000005,-0.9255070000000001,0.22063600000000005,0.09295500000000001,0.04799500000000001,0.020050000000000068,0.9881687869308484,single,-0.8775120000000001
473,1.970833,walk,1.679971,-0.330526,0.95889,0.0172,0.000935,-0.733174,0.027124339894389497,0.6212193951032079,0.012722035525676497,-0.1303464523016528,0.2551576197852504,-0.04505112993903094,-0.1406625060009504,2.6044167066729895,-0.43999039846374244,0.00864138262120115,-0.008881421027366354,0.004800768122899337,-0.12994600000000012,-0.015095000000000025,-0.879398,0.09131199999999984,0.066973,-0.92554,0.22125799999999995,0.08206800000000003,0.046142000000000016,0.03858000000000006,0.9778514793796522,single,-0.879398
474,1.975,walk,1.680105,-0.327953,0.958947,0.017081,0.000108,-0.733218,0.03215742740577284,0.6174706023518052,0.01367890568753859,-0.2525720916646605,0.31206001978731673,0.023066348810857982,-0.11663066954643214,2.6129109671226125,-0.43244540436764684,-0.011759059275249667,-0.0021598272138316985,-0.02231821454283541,-0.13056599999999996,-0.006780000000000008,-0.881257,0.09112900000000002,0.06439099999999998,-0.92569,0.22169499999999998,0.07117099999999998,0.044433000000000056,0.05567000000000011,0.9578019540666844,single,-0.881257
475,1.979167,walk,1.680225,-0.325395,0.958979,0.017096,-0.000422,-0.733245,0.02879769618433537,0.6138708903288028,0.007679385649156099,-0.1916571794526702,0.16786306178500857,0.015020895477310362,-0.11135109191265687,2.6227501799857262,-0.4175665946724432,-0.006239500839952652,0.0004799616030722562,-0.01175905927525862,-0.1311500000000001,0.001591000000000009,-0.8830290000000001,0.09098299999999981,0.06183499999999997,-0.925771,0.2221329999999999,0.060243999999999964,0.04274199999999995,0.07257999999999998,0.977799073535896,single,-0.8830290000000001
476,1.983333,walk,1.68035,-0.322909,0.958946,0.017201,-0.001396,-0.733388,0.03000480076810545,0.5967354776764091,-0.007921267402798813,-0.3783859599847394,0.28209109382823233,0.0939588893375891,-0.12866058569367625,2.6125780124819267,-0.40518482957272267,-0.011041766682666643,0.011281805088818523,0.011041766682668309,-0.1318109999999999,0.009989000000000026,-0.884684,0.09081199999999989,0.059396000000000004,-0.925692,0.2226229999999998,0.04940699999999998,0.04100799999999993,0.08992000000000006,0.9678925264406564,single,-0.884684
477,1.9875,walk,1.680471,-0.320479,0.958976,0.017447,-0.001949,-0.733568,0.02903767698584997,0.583153347732174,0.00719942404609678,-0.2764415505580649,0.09540624481671232,0.1254149031207919,-0.10655147588195527,2.6441084713222676,-0.4002879769618373,-0.011759059275249667,0.012958963282936905,0.004559635229181195,-0.13237600000000005,0.01857700000000001,-0.886382,0.09064199999999989,0.057020000000000015,-0.925703,0.22301799999999994,0.038443000000000005,0.03932100000000005,0.10678999999999994,0.9698614091132255,single,-0.886382
478,1.991667,walk,1.680635,-0.317774,0.95899,0.016404,-0.002605,-0.732954,0.03935685145189627,0.6491480681545458,0.0033597312214922927,0.11430525508099207,0.5753497445761612,-0.44821246951122773,-0.1187904967602372,2.6565874730021455,-0.39068874490040606,-0.005759539236866767,-0.005759539236866767,-0.02159827213822873,-0.13303500000000001,0.02694200000000002,-0.888024,0.09045399999999981,0.05429099999999998,-0.925807,0.22348899999999983,0.027348999999999957,0.03778300000000001,0.12217,0.9615281508474125,single,-0.888024
479,1.995833,walk,1.680703,-0.315194,0.958971,0.01632,-0.003311,-0.732971,0.016322611617848953,0.6192990878540792,-0.0045607297167526975,-0.2211343244592823,0.26021728209733846,0.006922863037175389,-0.136581853096509,2.7013922227557075,-0.39966394623140733,-0.004080652904448914,-0.000960153624580918,-0.01896303408545314,-0.133672,0.03561599999999998,-0.88967,0.09036899999999992,0.05170699999999995,-0.925867,0.22404099999999993,0.016090999999999966,0.036197000000000035,0.13803000000000004,0.9676318793308292,single,-0.88967
480,2.0,walk,1.680695,-0.312392,0.959047,0.015324,-0.003936,-0.732943,-0.0019198464122889224,0.6724262059035157,0.01823854091671812,0.10556863762487093,0.5540926034288934,-0.03320753250386593,-0.10991120710344755,2.674586033117334,-0.38732901367890377,-0.005519558435297348,-0.0016798656107461464,-0.012718982481402455,-0.13412200000000007,0.043959000000000026,-0.8913599999999999,0.09035400000000005,0.048898,-0.925996,0.22447600000000012,0.004938999999999971,0.03463600000000011,0.15364,0.9767226869419401,single,-0.8913599999999999
481,2.004167,walk,1.680712,-0.309781,0.958968,0.015273,-0.004431,-0.732817,0.004079673626094195,0.626589872810211,-0.018958483321320815,-0.15673813661382763,0.1783414086033419,-0.09200568229839266,-0.088552915766758,2.669546436285211,-0.3393328533717454,-0.014638828893710475,0.008639308855287289,-0.006479481641468798,-0.13450800000000007,0.05247199999999996,-0.892695,0.09027600000000002,0.04632299999999995,-0.9259440000000001,0.2247840000000001,0.0061490000000000156,0.033249000000000084,0.16751,0.969681475628728,single,-0.892695
482,2.008333,walk,1.680746,-0.307137,0.958909,0.014881,-0.004944,-0.732695,0.008161305808950692,0.6346615458473134,-0.014162265962561121,-0.05172565146899962,0.3042542869396299,-0.09228250553460464,-0.06577052328369609,2.6620259241477946,-0.34661545847334646,-0.002160345655286963,-0.0026404224675907213,-0.0016802688430148512,-0.13481600000000005,0.060918,-0.89408,0.09023300000000001,0.043667999999999985,-0.925892,0.22504900000000005,0.017250000000000015,0.03181200000000006,0.18188000000000004,0.9936617940799726,single,-0.89408
483,2.0125,walk,1.680728,-0.30447,0.958834,0.014724,-0.005308,-0.732591,-0.004319654427663167,0.6400287976961393,-0.017998560115201026,-0.07617693364023095,0.17306639912501448,-0.07667223503533831,-0.08831293496517915,2.6594672426204236,-0.3275737940964502,0.0050395968322115275,0.006479481641468107,0.014638828893688931,-0.1351659999999999,0.069333,-0.89537,0.09027199999999991,0.04102800000000001,-0.9257559999999999,0.2254379999999998,0.028304999999999997,0.030385999999999913,0.19613999999999998,0.9720279638670619,single,-0.89537
484,2.016667,walk,1.680746,-0.301784,0.958681,0.01462,-0.005551,-0.732437,0.004319654427663628,0.6445884329254006,-0.03671706263498097,-0.050694518776543844,0.11442271328832869,-0.11064815468415747,-0.058075353971703034,2.6621070314376114,-0.3251739860811305,0.0019198464122890248,0.0016798656107595575,0.012718982481401468,-0.13542600000000005,0.07774,-0.896572,0.09026199999999984,0.03834900000000002,-0.92555,0.2256879999999999,0.03939099999999998,0.028977999999999948,0.21022000000000007,0.9783795188357076,single,-0.896572
485,2.020833,walk,1.680767,-0.299154,0.958491,0.014775,-0.005567,-0.732395,0.005040806529002914,0.6313010081612936,-0.04560729716755119,-0.05609199546578898,-0.049680481849086494,-0.02819173442018188,-0.06313010081615868,2.652904464714283,-0.30124819971194544,-0.0057609217474852,0.0031204992798811544,-0.016322611617858078,-0.13571,0.08616199999999999,-0.897637,0.09021699999999999,0.035731999999999986,-0.925428,0.225927,0.05043,0.02779100000000001,0.22209000000000007,0.9706859255853371,single,-0.897637
486,2.025,walk,1.680832,-0.296468,0.958229,0.015095,-0.005431,-0.732135,0.01559875209988163,0.6445884329253873,-0.06287497000239894,-0.05549141229427711,-0.15949505957811888,-0.17944156705271366,-0.08087353011754861,2.8056155507560625,-0.22726181905448517,-0.008399328053704537,0.004079673626107516,-0.0021598272138234876,-0.136112,0.095167,-0.898322,0.090117,0.03306300000000001,-0.925175,0.226229,0.06210399999999999,0.026853000000000016,0.23147,0.9840262974581069,single,-0.898322
487,2.029167,walk,1.680878,-0.293751,0.957973,0.016104,-0.004721,-0.731879,0.011039116870647394,0.6520278377729445,-0.06143508519318896,-0.07909517921292276,-0.5891402358471752,-0.16620587154488192,-0.021838252939778667,2.7177825773936433,-0.2299016078713564,-0.006239500839951987,0.00383969282457764,-0.015358771298295574,-0.13624900000000006,0.10377499999999998,-0.8990239999999999,0.09004499999999993,0.030362,-0.924983,0.226294,0.07341299999999998,0.025959000000000065,0.24041,0.9716389122450309,single,-0.8990239999999999
488,2.033333,walk,1.680988,-0.290984,0.957812,0.017032,-0.003832,-0.731691,0.026404224675910026,0.6641862698032125,-0.03864618338933737,0.009866798981892487,-0.6186733301099175,-0.11750886896525081,-0.05472875660108859,2.655784925588309,-0.2611617858857621,0.003600576092145322,0.012481997119539274,0.02472395583293497,-0.13658700000000001,0.11207200000000003,-0.899951,0.08994999999999997,0.027647000000000033,-0.924719,0.226537,0.084425,0.024768000000000012,0.25232,0.9534513876469974,single,-0.899951
489,2.0375,walk,1.681138,-0.288122,0.95768,0.017531,-0.00303,-0.731437,0.03599712023040205,0.686825053995646,-0.03167746580273889,0.12014121422669016,-0.44009830992780635,-0.16830981559026273,-0.006479481641468107,2.652027837772811,-0.20998320134387988,-0.008879289656789167,-0.013438924886008419,-0.029277657787374532,-0.1367640000000001,0.12026099999999998,-0.900694,0.08976300000000004,0.024729,-0.924709,0.22652700000000014,0.09553199999999998,0.02401500000000001,0.25985,0.9443066996744285,single,-0.900694
490,2.041667,walk,1.681367,-0.285605,0.95767,0.018255,-0.00202,-0.73053,0.054955603551726705,0.6040316774658283,-0.0023998080153479593,0.12441990572937323,-0.5936417237046125,-0.6228154116792683,-0.03263738900886013,2.6652267818575743,-0.19390448764099832,0.0014398848092034469,-0.008639308855300612,-0.02135829133669375,-0.13712900000000006,0.12885,-0.9014920000000001,0.08953999999999995,0.022175999999999974,-0.924788,0.226669,0.10667400000000002,0.023295999999999983,0.26704000000000006,0.961526071793712,single,-0.9014920000000001
491,2.045833,walk,1.681488,-0.283109,0.957702,0.018394,-0.000984,-0.729735,0.029044647143551233,0.5991358617378613,0.007681228996646934,0.32445328186396155,-0.39605365868861037,-0.5490739740640549,-0.029044647143551233,2.6865098415745803,-0.14018242918866664,-0.002160345655286963,0.010321651464237655,-0.007201152184349838,-0.13737100000000013,0.137546,-0.902108,0.08940999999999999,0.01972299999999999,-0.9248500000000001,0.22678100000000012,0.11782300000000001,0.02274200000000004,0.27258000000000004,0.9787174970742994,single,-0.902108
492,2.05,walk,1.681405,-0.280345,0.957629,0.018367,-0.000587,-0.729195,-0.01991840652749197,0.6633069354451919,-0.01751859851214401,0.15275211158286706,-0.12581756279401538,-0.37609353234301524,-0.03287736981042957,2.6124310055196793,-0.1847852171826338,0.005519558435297642,0.0035997120230352605,-0.007199424046077182,-0.13742500000000013,0.14566800000000002,-0.902805,0.08951599999999993,0.01697399999999999,-0.9248069999999999,0.22694100000000006,0.12869400000000003,0.022001999999999966,0.27998,0.9837335417905533,single,-0.902805
493,2.054167,walk,1.681324,-0.277642,0.957551,0.017793,-0.000659,-0.728975,-0.01943844492440432,0.648668106551439,-0.018718502519776033,0.16539112505984213,0.2225212537817883,-0.16017369351663233,-0.037437005039552065,2.6335493160545544,-0.12191024718021685,-0.012718982481366808,0.00191984641228882,-0.008879289656825802,-0.13749999999999996,0.153939,-0.903235,0.08954400000000007,0.014278999999999986,-0.9247660000000001,0.22704400000000002,0.13966,0.021531000000000078,0.28469,0.9739498288330475,single,-0.903235
494,2.058333,walk,1.681206,-0.274844,0.957438,0.016528,-0.001407,-0.728819,-0.028324531925122243,0.6716274603936501,-0.027124339894389497,0.1554392405046682,0.6870430595257551,-0.1269817694160063,-0.018722995679313577,2.6161785885740985,-0.10201632261161549,0.0007201152184289877,0.005040806529042888,0.002880460873739269,-0.13745999999999992,0.16203999999999996,-0.903547,0.0896650000000001,0.011501999999999957,-0.924641,0.22712500000000002,0.150538,0.021094000000000057,0.28906,0.9902495938494569,single,-0.903547
495,2.0625,walk,1.681052,-0.272016,0.957153,0.017024,-0.001158,-0.728628,-0.036957043436523764,0.6786657067434908,-0.06839452843772324,-0.07445848756263754,-0.2569535407463307,-0.12760273472518666,-0.001679865610772879,2.587233021358409,-0.08591312694984893,0.003359731221492472,0.009119270458372868,-0.006479481641468798,-0.13731300000000002,0.16999299999999998,-0.9036200000000001,0.08983300000000005,0.008711999999999998,-0.9243830000000001,0.22714600000000007,0.16128099999999998,0.020762999999999976,0.29237,0.9805326077535512,single,-0.9036200000000001
496,2.066667,walk,1.68094,-0.26913,0.956921,0.016543,-0.001092,-0.728652,-0.02687784977199306,0.6925845932325729,-0.05567554595632843,0.18105028555558103,0.14672641540103998,0.013055005122588715,-0.06071514278859378,2.5389968802496976,-0.05159587233021592,0.005279577633781497,-0.0002399808015427889,-0.0021598272138234876,-0.1374540000000002,0.17768699999999998,-0.903603,0.08996699999999991,0.005824999999999969,-0.92416,0.2274210000000001,0.17186200000000001,0.020556999999999936,0.29443,0.9904844594405597,single,-0.903603
497,2.070833,walk,1.681044,-0.266186,0.956254,0.019608,-1.1e-05,-0.728667,0.024963994239049235,0.7066730676908117,-0.16010561689869296,-0.6300800150287402,-1.4273219855744634,0.04870423119498215,0.005280844935234742,2.604416706672996,-0.04848775804128547,-0.0033605376860197087,0.0007201152184423124,-0.019443110897742564,-0.13753599999999988,0.18559299999999998,-0.903138,0.08984900000000007,0.0028839999999999977,-0.923574,0.22738499999999995,0.18270899999999998,0.02043600000000001,0.29564,0.967092455236556,single,-0.903138
498,2.075,walk,1.680908,-0.263273,0.955942,0.019668,-0.000361,-0.728755,-0.032637389008856654,0.6990640748739673,-0.0748740100792107,-0.14302375889650443,0.09484629464450406,0.05919538415284812,-0.018718502519802675,2.5363570914325297,-0.017518598512117168,-0.004319654427663167,0.002639788816890467,-0.01655867530597442,-0.137478,0.19324899999999998,-0.902899,0.08996699999999991,-1.8000000000018e-05,-0.9233309999999999,0.2274449999999999,0.193267,0.020431999999999895,0.29568000000000005,0.9711412622869366,single,-0.902899
499,2.079167,walk,1.680672,-0.260327,0.955612,0.019662,-0.000335,-0.728729,-0.056635469162499584,0.7069834413247273,-0.07919366450682902,0.011325123723650661,-0.006693417427080272,-0.018091059494793085,-0.02279817614595215,2.5358771298297293,0.024238060955123958,0.004799616030749205,0.0059995200383965415,0.014638828893688827,-0.13733700000000004,0.20086999999999997,-0.902468,0.09022300000000016,-0.002939000000000025,-0.92294,0.2275600000000002,0.203809,0.020471999999999935,0.29528000000000004,0.9724457169031924,single,-0.902468
500,2.083333,walk,1.680488,-0.257354,0.955337,0.019497,-0.000278,-0.728659,-0.044167066730666574,0.713634181469003,-0.06601056168987463,0.07489831205430654,0.03831965017142879,-0.05012987068070334,-0.02112337974072577,2.503120499279816,0.039366298607777225,-0.0009601536246075164,0.003600576092171588,-0.00456072971675412,-0.13724099999999995,0.20832500000000004,-0.902029,0.09040300000000001,-0.005896999999999986,-0.922684,0.22764399999999996,0.21422200000000002,0.02065499999999998,0.29345,0.9901841541475518,single,-0.902029
501,2.0875,walk,1.680275,-0.254364,0.955035,0.01964,-0.000325,-0.728411,-0.051115910727148654,0.7175425965923169,-0.07247420206384407,-0.061024403121580396,-0.03692326080692339,-0.1728382377752418,-0.039356851451898364,2.5034797216223854,0.08855291576674301,-0.0009599232061178691,0.0026397888169040697,-0.005759539236862079,-0.13719199999999998,0.215767,-0.901358,0.09061200000000014,-0.008875999999999995,-0.922406,0.22780400000000012,0.22464299999999998,0.021047999999999956,0.28952,0.9893200304593067,single,-0.901358
502,2.091667,walk,1.68011,-0.251369,0.954796,0.019331,-0.000335,-0.728138,-0.03959683225341029,0.718742500599901,-0.057355411567068554,0.10084996993835361,0.10869625484608005,-0.194412352717198,-0.0191984641228882,2.4473242140627254,0.10367170626349138,-0.0033597312215454,0.0033597312214921136,-0.007439404847610852,-0.1371070000000001,0.22297,-0.900687,0.09076299999999993,-0.011857000000000006,-0.922198,0.22787000000000002,0.234827,0.021510999999999947,0.2848900000000001,0.9852879176403702,single,-0.900687
503,2.095833,walk,1.679947,-0.248362,0.954674,0.01874,-0.000393,-0.727729,-0.03912626020161453,0.721795487278024,-0.029284685549679584,0.17823258036618203,0.22180114594951844,-0.292468152101007,-0.0376860297647564,2.446711473836008,0.17354776764283694,-0.0026404224675910027,0.002880460873742907,-0.006240998559771302,-0.13710100000000014,0.230156,-0.899842,0.09091499999999986,-0.014852000000000004,-0.922102,0.228016,0.245008,0.022259999999999946,0.2774,0.9877277471193946,single,-0.899842
504,2.1,walk,1.679771,-0.245437,0.954306,0.019404,-0.000229,-0.727454,-0.042236621070354044,0.7019438444924004,-0.0883129349652058,-0.1588047234385741,-0.2884152912234292,-0.1845960316485912,-0.03527717782574712,2.383729301655722,0.1759059275257883,-0.0014398848092032936,0.003599712023034877,-0.0033597312215021048,-0.13707199999999986,0.23716399999999999,-0.898741,0.09108500000000008,-0.017762000000000028,-0.921748,0.22815699999999994,0.25492600000000004,0.023007,0.26992999999999995,0.9914496606965811,single,-0.898741
505,2.104167,walk,1.679557,-0.242478,0.953913,0.020363,7.4e-05,-0.72712,-0.0513558915286648,0.7101031917446903,-0.09431245500359843,-0.2069082011785348,-0.4377281502353809,-0.22084749710833196,-0.07295416366692965,2.4470842332614513,0.21286297096233248,0.007199424046070521,0.009599232061445124,0.01127909767218803,-0.137162,0.244402,-0.8974610000000001,0.091329,-0.020680999999999977,-0.921308,0.228491,0.26508299999999996,0.02384699999999995,0.26153000000000004,0.9725533341903807,single,-0.8974610000000001
506,2.108333,walk,1.679408,-0.239567,0.953537,0.020813,0.000379,-0.726793,-0.035765722515590646,0.6987518002880262,-0.09025444071052152,-0.03850049527544655,-0.2607447110219935,-0.22134926455052562,-0.016082573211722854,2.3617378780604246,0.22755640902543722,-0.0026404224675907213,0.007681228996633609,0.00456072971675412,-0.1370800000000001,0.25133,-0.896137,0.09146699999999996,-0.023559999999999998,-0.920913,0.22854700000000006,0.27489,0.02477600000000002,0.25224,0.9844746296112024,single,-0.896137
507,2.1125,walk,1.679177,-0.236524,0.953224,0.021015,0.000367,-0.726393,-0.05543556515481229,0.730261579073705,-0.07511399088073482,-0.06651937629374352,-0.07043011389725722,-0.2770764119083341,-0.0016798656107195925,2.3086153107752434,0.20902327813775942,-0.00023998080151614568,0.0074394048476133096,-0.009119270458364541,-0.13685599999999987,0.257907,-0.894953,0.09169700000000014,-0.026571999999999985,-0.920638,0.228553,0.284479,0.025684999999999958,0.24314999999999998,0.9803811719567522,single,-0.894953
508,2.116667,walk,1.679015,-0.233433,0.952941,0.020926,0.000557,-0.725963,-0.03887688984880864,0.7417806575473536,-0.06791456683463042,0.10028150385045996,-0.03587298856870136,-0.2995220187757331,0.039116870650324764,2.278377729781479,0.20422366210701842,-0.006479481641468107,0.002639788816890467,-0.021118310535155373,-0.13653099999999996,0.26431,-0.893819,0.09183200000000014,-0.02965200000000001,-0.920443,0.2283630000000001,0.293962,0.02662399999999998,0.23376000000000002,0.9629214344937987,single,-0.893819
509,2.120833,walk,1.678807,-0.230328,0.952618,0.02139,0.00057,-0.725542,-0.049927988478151775,0.7453192510801516,-0.07753240518484503,-0.14416250343894882,-0.17011674635198568,-0.2887911513436338,0.02736437830051473,2.241958713394082,0.22827652424387287,-0.0014402304368579754,0.006721075372066067,-0.003600576092174919,-0.13620900000000002,0.27054500000000004,-0.8925449999999999,0.09203400000000017,-0.03272899999999998,-0.9201349999999999,0.2282430000000002,0.303274,0.027590000000000003,0.22409999999999997,0.9870673468752984,single,-0.8925449999999999
510,2.125,walk,1.67859,-0.227247,0.952224,0.021741,0.000719,-0.725343,-0.05207583393326653,0.7393808495320713,-0.09455243580514122,-0.06190518566493444,-0.173409076856892,-0.13321403885600608,0.041516678665703535,2.2203023758100358,0.3028557715382906,-0.0009599232061711556,0.008159347252215033,0.002879769618431872,-0.13581900000000013,0.276716,-0.8908889999999999,0.09224699999999997,-0.035776,-0.9197289999999999,0.2280660000000001,0.312492,0.028839999999999977,0.21160000000000007,0.9854904750442245,single,-0.8908889999999999
511,2.129167,walk,1.678337,-0.22417,0.951803,0.022345,0.000832,-0.725021,-0.06071514278859378,0.7384209263259268,-0.10103191744661001,-0.15668253995854745,-0.2508411943126882,-0.21642060857100312,0.013678905687592604,2.1535877129830605,0.26013918886490306,0.00599952003838322,0.01247900167986534,0.017038636909046778,-0.13550899999999988,0.282613,-0.889384,0.09252499999999997,-0.038801,-0.919237,0.22803399999999985,0.32141400000000003,0.02985300000000002,0.20146999999999998,0.9634078457356037,single,-0.889384
512,2.133333,walk,1.678073,-0.22101,0.951392,0.022835,0.000776,-0.72458,-0.0633701392222839,0.7585213634181253,-0.0986557849255708,-0.176427943459908,-0.15659754983522933,-0.30281412202857855,0.07993278924625723,2.1425828132500606,0.32501200192029694,-0.006240998559735659,0.0028804608737426,-0.020163226116178216,-0.13491199999999992,0.288379,-0.887619,0.09276300000000015,-0.041948999999999986,-0.91891,0.22767500000000007,0.330328,0.03129099999999996,0.18709000000000003,0.9644955869221901,single,-0.887619
513,2.1375,walk,1.67781,-0.217917,0.950904,0.023476,0.000827,-0.724319,-0.06311495080390837,0.7422606191504257,-0.11711063114951145,-0.19132140674981013,-0.242548510758554,-0.17360551951533296,0.032637389008856654,2.052075833933161,0.2217422606191389,-0.00047996160308552666,0.013918886489080623,0.004559635229182618,-0.1345130000000001,0.293837,-0.886207,0.093024,-0.044983999999999996,-0.918403,0.2275370000000001,0.338821,0.032196,0.17803999999999998,0.9755757385156827,single,-0.886207
514,2.141667,walk,1.67756,-0.214782,0.950487,0.023964,0.000865,-0.723992,-0.05999520038399206,0.7523398128150088,-0.1000719942404655,-0.14436875048712103,-0.185773297319076,-0.22159257601528826,0.08423326133909437,2.0393568514519784,0.30765538756900646,-0.001679865610772879,0.004319654427650306,-0.0019198464122873594,-0.13391200000000003,0.2992,-0.884508,0.09326699999999999,-0.04810099999999998,-0.917994,0.22717900000000002,0.34730099999999997,0.033486000000000016,0.16514000000000006,0.9916388509077618,single,-0.884508
515,2.145833,walk,1.677307,-0.211644,0.95004,0.024474,0.000732,-0.723637,-0.06072971675463989,0.7532405184829372,-0.10729716754679859,-0.2107855590823401,-0.1371806225569604,-0.24262104471009563,0.07033125300050186,1.9812770043206365,0.27796447431588445,-0.00048007681225045897,0.006481036965914188,-0.001200192030724418,-0.1333660000000001,0.30431600000000003,-0.882903,0.09351799999999999,-0.05121199999999998,-0.917552,0.22688400000000009,0.35552799999999996,0.03464900000000004,0.15351000000000004,0.9889855177644988,single,-0.882903
516,2.15,walk,1.677031,-0.208495,0.949594,0.025028,0.000719,-0.723229,-0.0662347012239447,0.7556995440365081,-0.10703143748499323,-0.18298186116889986,-0.1927598449427632,-0.2771222668010425,0.10463162946967192,1.9296856251500742,0.2862970962323144,-0.0035997120230619037,0.021358291336695416,0.011279097672186364,-0.13265399999999983,0.30920800000000004,-0.881264,0.09377900000000006,-0.05427199999999996,-0.9170590000000001,0.22643299999999988,0.36347999999999997,0.03579500000000002,0.14205,0.9592994478685125,single,-0.881264
517,2.154167,walk,1.67674,-0.205294,0.949204,0.025299,0.000789,-0.722861,-0.06983441324694588,0.7681785457162982,-0.09359251259898672,-0.060837871849523086,-0.12154869488872694,-0.2513226898535728,0.08207343412522716,1.8824094072473065,0.3112550995920119,-0.004559635229179287,0.009119270458358574,0.0038396928245726446,-0.13202099999999994,0.313851,-0.879577,0.0940510000000001,-0.057434999999999986,-0.916653,0.22607200000000005,0.371286,0.037076,0.12924000000000002,0.9818421574869043,single,-0.879577
518,2.158333,walk,1.676352,-0.202138,0.948629,0.026424,0.000674,-0.72254,-0.09313490158422075,0.7575612097936251,-0.13802208353340104,-0.4091617700531344,-0.35607185549957837,-0.21026330673376492,0.10057609217474325,1.8408545367260207,0.3269323091694935,-0.003360537686020067,0.009361497839657786,0.002160345655305515,-0.13121400000000016,0.318364,-0.87764,0.09442499999999998,-0.06055199999999997,-0.9160689999999999,0.22563900000000015,0.378916,0.038428999999999935,0.11571000000000004,0.983036153746908,single,-0.87764
519,2.1625,walk,1.676042,-0.198994,0.9482,0.026821,0.000616,-0.722221,-0.07439404847612517,0.7544996400287536,-0.10295176385886143,-0.14759774905937695,-0.12238780728101127,-0.21726092889497284,0.10751139908806735,1.7612191024716946,0.32349412047034315,-0.00743940484763916,0.012718982481393451,0.00095992320614441,-0.13045600000000013,0.322559,-0.8758630000000001,0.0947039999999999,-0.063643,-0.915636,0.22516000000000003,0.386202,0.03977299999999995,0.10227000000000008,0.9753897767171872,single,-0.8758630000000001
520,2.166667,walk,1.675748,-0.19575,0.947818,0.027172,0.000526,-0.721714,-0.07055435565155505,0.7784977201824202,-0.09167266618670768,-0.1408393178127926,-0.09818917036182936,-0.348310522877231,0.09431245500362508,1.693784497240297,0.2870170386369228,-0.011519078473680862,0.01367890568755264,0.00983921286297126,-0.12976900000000002,0.326373,-0.8742850000000001,0.09495000000000009,-0.06682999999999997,-0.915213,0.2247190000000001,0.39320299999999997,0.040927999999999964,0.09072000000000002,0.9659815515959584,single,-0.8742850000000001
521,2.170833,walk,1.675432,-0.192536,0.947425,0.027399,0.000501,-0.721202,-0.07585213634180853,0.7714834373499536,-0.09433509361499687,-0.07705930585983149,-0.07689556997337448,-0.3522933886050979,0.11569851176190117,1.6493038886221383,0.27052328372538936,-0.012722035525703147,0.008401344215075922,0.008641382621219473,-0.12897099999999995,0.33003000000000005,-0.872765,0.09521299999999999,-0.07000899999999996,-0.9147839999999999,0.22418399999999994,0.400039,0.04201899999999992,0.07980999999999999,0.97079258721642,single,-0.872765
522,2.175,walk,1.675096,-0.189333,0.947017,0.027522,0.000405,-0.720741,-0.08063354931608575,0.7686585073194523,-0.09791216702663369,-0.06773619487132013,-0.016631259414662876,-0.31886680612978713,0.08279337652983763,1.5728341732662114,0.2675785937125131,-0.011519078473734148,0.009359251259889014,0.0026397888168940785,-0.12829000000000002,0.33338100000000004,-0.871242,0.09550100000000006,-0.07317300000000002,-0.914365,0.22379100000000007,0.406554,0.04312300000000002,0.06877000000000005,0.9748751319501763,single,-0.871242
523,2.179167,walk,1.674738,-0.186129,0.946559,0.028006,0.000333,-0.720288,-0.08591312694980481,0.7688984881209064,-0.10991120710341505,-0.179766758911966,-0.14938908875313012,-0.30765829087135027,0.07919366450687386,1.516438684905113,0.23734101271896893,-0.010559155267561867,0.016558675305984413,0.001919846412287155,-0.127602,0.336496,-0.8697950000000001,0.09581499999999998,-0.07630799999999999,-0.913899,0.22341699999999998,0.41280399999999995,0.04410399999999992,0.05896000000000007,0.9671125109020555,single,-0.8697950000000001
524,2.183333,walk,1.674388,-0.18298,0.946103,0.028525,0.000386,-0.71987,-0.08401344215075922,0.7558809409505278,-0.10945751320211221,-0.14873482523949208,-0.2026562224266895,-0.2816165749743544,0.09721555448871282,1.4697551608256894,0.18170907345174914,-0.009841574651933896,0.016322611617848086,0.015842534805567646,-0.12684699999999993,0.33947,-0.868582,0.0961240000000001,-0.07938900000000002,-0.913377,0.22297100000000003,0.418859,0.04479500000000003,0.05204999999999993,0.9586925433580248,single,-0.868582
525,2.1875,walk,1.674011,-0.179817,0.945659,0.02877,0.000218,-0.719553,-0.09047276217904703,0.7590592752580139,-0.1065514758819343,-0.135171211413164,-0.03300960817362337,-0.21808097210057012,0.07823374130071115,1.3914086873050786,0.1927045836333177,-0.011999040076819727,0.017038636909058432,0.01991840652747865,-0.1261439999999998,0.342105,-0.867335,0.09645100000000006,-0.08248099999999997,-0.91285,0.22259499999999988,0.42458599999999996,0.04551500000000008,0.044849999999999945,0.9519538697049689,single,-0.867335
526,2.191667,walk,1.673607,-0.176598,0.945251,0.028941,0.000354,-0.719101,-0.09695224382046254,0.7724982001440237,-0.09791216702666034,-0.003578131866260583,-0.11053987380438073,-0.3075284376972762,0.08855291576670471,1.3213342932566023,0.15550755939525449,-0.011519078473734148,0.020398368130550903,0.01991840652747865,-0.12537100000000012,0.34439200000000003,-0.8662789999999999,0.09680699999999987,-0.08561499999999997,-0.9123589999999999,0.222178,0.430007,0.04608000000000001,0.03920000000000001,0.9487510024524213,single,-0.8662789999999999
527,2.195833,walk,1.673195,-0.173396,0.944839,0.028958,0.000169,-0.718702,-0.09889582333174933,0.7686029764762177,-0.09889582333172267,-0.06374077144415767,0.050321486893022675,-0.277799735454394,0.09097455592897716,1.2441190590494122,0.10777724435909569,-0.0036005760921449382,0.02952472395582834,0.044167066730676566,-0.12457999999999991,0.346373,-0.865418,0.09720400000000007,-0.088694,-0.911763,0.22178399999999998,0.435067,0.04634499999999997,0.03654999999999997,0.9112524921092424,single,-0.865418
528,2.2,walk,1.672739,-0.170171,0.944418,0.028994,0.000218,-0.718265,-0.10943124550035617,0.773938084953158,-0.10103191744659924,0.01120260396535832,-0.034793735656829,-0.30060585955380514,0.09767218622505384,1.2011039116869942,0.12646988240939946,-0.018478521718286553,0.023038156947439197,0.021598272138227577,-0.12371700000000008,0.348153,-0.86447,0.09758299999999998,-0.09182300000000002,-0.911252,0.22130000000000005,0.43997600000000003,0.04678199999999999,0.032179999999999986,0.939019634312324,single,-0.86447
529,2.204167,walk,1.672265,-0.166908,0.943978,0.029006,6.1e-05,-0.717846,-0.11375089992803146,0.7830573554115999,-0.10559155267578979,-0.05205846945400911,0.042461059167164,-0.29125867180435216,0.06359491240705396,1.1115910727142329,0.05039596832253361,-0.013678905687539319,0.016798656107515644,0.024238060955123958,-0.12297799999999981,0.349522,-0.86382,0.09800000000000009,-0.09501599999999999,-0.9107109999999999,0.2209779999999999,0.444538,0.046890999999999905,0.031090000000000062,0.9458194657061672,single,-0.86382
530,2.208333,walk,1.671764,-0.16362,0.943592,0.028707,0.000116,-0.717359,-0.12025924147860033,0.7892462794046863,-0.09265482477196037,0.12597409913271326,0.07790852132573833,-0.3389895825764785,0.07129140662505606,1.0724915986557555,0.032165146423429054,-0.016802688430151844,0.019443110897742564,0.017282765242438946,-0.12217999999999996,0.35070199999999996,-0.8633,0.09843099999999994,-0.098223,-0.910253,0.2206109999999999,0.448925,0.04695300000000002,0.030469999999999997,0.9483855405087143,single,-0.8633
531,2.2125,walk,1.671255,-0.160384,0.943164,0.028562,8.9e-05,-0.716955,-0.12215022798178929,0.7765778737701312,-0.10271178305735625,0.04498621467657949,0.05340216883264112,-0.28063983577486723,0.07511399088073482,0.9870410367171091,0.0004799616030722562,-0.01655867530594621,0.016798656107515644,0.021838252939766007,-0.12135799999999985,0.351579,-0.86287,0.09887100000000015,-0.10138899999999998,-0.909734,0.220229,0.452968,0.04686400000000002,0.03136,0.9464251855821246,single,-0.86287
532,2.216667,walk,1.670686,-0.157094,0.942778,0.028385,4.1e-05,-0.716592,-0.13654907607391578,0.7895368370529846,-0.09263258939284232,0.04789397747037963,0.0719945104744245,-0.2531110601826445,0.06263498920082285,0.9301655867530009,-0.04655627549795726,-0.016798656107513854,0.01847852171825991,0.02471802255819358,-0.12052799999999997,0.352165,-0.8626780000000001,0.09937000000000018,-0.10460199999999997,-0.909245,0.21989800000000015,0.456767,0.046566999999999914,0.03432999999999997,0.941437800134812,single,-0.8626780000000001
533,2.220833,walk,1.670151,-0.153786,0.942352,0.028225,5.2e-05,-0.716093,-0.12842054728756472,0.7940470475276686,-0.10225636101777993,0.06439806773714787,0.04457312119689359,-0.3453446853231805,0.07033125300050935,0.867018722995749,-0.07945271243399524,-0.014882381180991696,0.017522803648582698,0.024243879020644486,-0.11969999999999992,0.35246900000000003,-0.862583,0.09984300000000013,-0.10783699999999999,-0.9087179999999999,0.21954300000000004,0.460306,0.046134999999999926,0.03864999999999991,0.944314883614032,single,-0.862583
534,2.225,walk,1.669539,-0.150512,0.941912,0.028159,7e-05,-0.715658,-0.14686825053990823,0.7856971442284136,-0.10559155267577854,0.03437291448085052,0.010776962013307276,-0.29968711431348694,0.07175425965923471,0.8039356851451375,-0.12502999760018618,-0.016558675305997736,0.01559875209982668,0.025917926565874095,-0.11878900000000003,0.352545,-0.862664,0.10038599999999986,-0.111046,-0.9081699999999999,0.2191749999999999,0.463591,0.045505999999999935,0.044940000000000035,0.9425241666138583,single,-0.862664
535,2.229167,walk,1.668893,-0.147205,0.941519,0.027912,0.000177,-0.715275,-0.15502759779221886,0.7936165106791829,-0.09431245500359843,0.1249336855937566,0.043838407830812255,-0.2649165403343469,0.053995680345555554,0.7305015598752479,-0.16654667626590638,-0.018958483321320815,0.01991840652747865,0.03527717782577586,-0.11791799999999997,0.352282,-0.862965,0.10095300000000007,-0.11427000000000001,-0.9076299999999999,0.21887100000000004,0.466552,0.044664999999999955,0.053350000000000064,0.9254523589353367,single,-0.862965
536,2.233333,walk,1.66831,-0.143906,0.941084,0.027857,5.2e-05,-0.714818,-0.1399423907825214,0.791886701872277,-0.104416706673056,-0.01814891891083626,0.05470630708652891,-0.3162627134382951,0.06048967834851465,0.6721075372059339,-0.217714834373495,-0.020883341334600538,0.02064330292847531,0.03504560729716666,-0.11708300000000005,0.351783,-0.863437,0.10144900000000012,-0.11748299999999998,-0.907049,0.21853200000000017,0.46926599999999996,0.043611999999999984,0.0638800000000001,0.9237975195081214,single,-0.863437
537,2.2375,walk,1.667652,-0.140581,0.940702,0.027534,0.000335,-0.714263,-0.15790736741062575,0.7979361651068266,-0.09167266618670768,0.21320143378354783,0.008499221523680132,-0.38167412902136855,0.05927525797939033,0.600431965442793,-0.23134149268059434,-0.030717542596624396,0.013198944084467062,0.022798176145908854,-0.11617799999999989,0.35096000000000005,-0.8640190000000001,0.10197900000000004,-0.120753,-0.906572,0.21815699999999993,0.47171300000000005,0.04255299999999995,0.07447000000000004,0.932555858838999,single,-0.8640190000000001
538,2.241667,walk,1.666921,-0.137181,0.940248,0.027213,0.000548,-0.713757,-0.17542596592267112,0.8159347252219359,-0.10895128389729729,0.1878375795488718,0.03194855742487505,-0.34832558573391886,0.05183585313174486,0.568274538036918,-0.24094072474200715,-0.02927765778736454,0.01631869450444165,0.03287736981041274,-0.11523100000000008,0.349928,-0.8645689999999999,0.1025879999999999,-0.124085,-0.9059809999999999,0.21781899999999998,0.474013,0.041412000000000004,0.08588000000000007,0.921748225410716,single,-0.8645689999999999
539,2.245833,walk,1.666285,-0.133855,0.93982,0.027494,0.000572,-0.713098,-0.15266442630822458,0.7983677388381912,-0.10273643783004614,-0.07739323747993432,-0.11278639464747031,-0.44733130999428905,0.04152664426307585,0.4762361977916369,-0.30028804608736626,-0.033365338454125155,0.014162265962547797,0.04176668266922606,-0.11442200000000002,0.348586,-0.8653919999999999,0.1030850000000001,-0.12735200000000002,-0.9053789999999999,0.21750700000000012,0.475938,0.039986999999999995,0.10013000000000005,0.9078306002734323,single,-0.8653919999999999
540,2.25,walk,1.665563,-0.130435,0.939421,0.027484,0.001,-0.7125,-0.17326613870893795,0.8207343412527388,-0.09575233981282852,0.1580367596279845,-0.14820606840085174,-0.4035058065771205,0.059515238780906476,0.4175665946724432,-0.3122150227981896,-0.03743700503960934,0.01751859851213069,0.04535637149028325,-0.11345199999999989,0.346906,-0.8662939999999999,0.10365100000000016,-0.13069899999999998,-0.9047909999999999,0.21710300000000005,0.47760499999999995,0.038497,0.11503000000000008,0.8977254365971248,single,-0.8662939999999999
541,2.254167,walk,1.664779,-0.127007,0.938968,0.02733,0.001226,-0.711974,-0.18814494840411128,0.8226541876650212,-0.10871130309573947,0.13648514506713466,-0.030068458215264136,-0.35861793279582765,0.045356371490281586,0.3426925845932512,-0.3328533717302766,-0.04031677465806952,0.017998560115189625,0.047276217902568946,-0.112479,0.34490600000000005,-0.867228,0.10426699999999989,-0.13405199999999998,-0.9041410000000001,0.21674599999999988,0.478958,0.036913000000000085,0.13087,0.8921880332319682,single,-0.867228
542,2.258333,walk,1.664043,-0.123579,0.938579,0.027374,0.001484,-0.711404,-0.17666826692271959,0.8228516562649834,-0.09337493999038936,0.08124305476553288,-0.10908866270447934,-0.3851856076914122,0.03360537686030369,0.29212674027843555,-0.3703792606816996,-0.041766682669201076,0.019443110897742564,0.0465674507921254,-0.1116029999999999,0.34269499999999997,-0.8683820000000001,0.10482900000000006,-0.137399,-0.9035580000000001,0.21643199999999996,0.480094,0.035175999999999985,0.14824000000000004,0.890823565120888,single,-0.8683820000000001
543,2.2625,walk,1.663304,-0.119937,0.93834,0.026628,0.002056,-0.710428,-0.17734581233501323,0.8740100791936095,-0.0573554115670952,0.46077935373966095,0.0498252166986652,-0.6674850590968698,0.012479001679850688,0.2433405327573615,-0.3916486681065263,-0.03839692824572311,0.025677945764329666,0.053035757139427035,-0.11081199999999991,0.340067,-0.869775,0.10540800000000017,-0.140934,-0.903098,0.21622000000000008,0.481001,0.03332299999999999,0.16677000000000003,0.8827813944809937,single,-0.869775
544,2.266667,walk,1.662385,-0.116183,0.937934,0.026315,0.002815,-0.709867,-0.22054235661145527,0.9008879289657257,-0.09743220542354811,0.37235470533381915,-0.15606858851095456,-0.3754129145036001,-0.0023998080153746024,0.24934005279579063,-0.4146868250540164,-0.042476601871874686,0.02591792656587519,0.053995680345573865,-0.10990300000000008,0.337352,-0.871097,0.10614999999999997,-0.14458000000000004,-0.902467,0.21605300000000005,0.481932,0.03137000000000001,0.18630000000000008,0.8776215555468607,single,-0.871097
545,2.270833,walk,1.661505,-0.112584,0.937681,0.025956,0.002843,-0.709409,-0.21123379740757747,0.8638982237157687,-0.060729716754693186,0.13746670751432657,0.10773871951335946,-0.3157933474540629,0.014402304368739651,0.2698031685069504,-0.4179068650984025,-0.04776764282286481,0.01896303408545213,0.057609217474795374,-0.10896299999999992,0.334877,-0.8725849999999999,0.1068309999999999,-0.1481,-0.9019739999999999,0.21579399999999982,0.482977,0.029389,0.20611000000000002,0.8713298111380509,single,-0.8725849999999999
546,2.275,walk,1.660727,-0.109182,0.937176,0.026495,0.003451,-0.708736,-0.18670506359490782,0.8164146868250918,-0.12119030477561812,0.033877892050585695,-0.39654596800204694,-0.44334439660955344,-0.014398848092194329,0.2908567314615008,-0.4466042716582881,-0.04679625629948503,0.026397888168960767,0.06191504679625777,-0.10824500000000015,0.332687,-0.873941,0.1074139999999999,-0.15139199999999997,-0.901211,0.21565900000000005,0.484079,0.027270000000000016,0.2273,0.8633718436045114,single,-0.873941
547,2.279167,walk,1.659934,-0.105708,0.936934,0.026771,0.003617,-0.708105,-0.19030477561794945,0.8336933045355875,-0.0580753539716702,-0.027951424924040822,-0.1570454889633969,-0.4237733023748347,-0.0002399808015161201,0.29661627069832297,-0.4348452123829831,-0.04535637149027675,0.024478041756655813,0.0671946244300421,-0.10745300000000002,0.330449,-0.875511,0.10801799999999995,-0.15476399999999998,-0.9006890000000001,0.21547099999999997,0.485213,0.025178000000000034,0.24822000000000005,0.8588588913799484,single,-0.875511
548,2.283333,walk,1.658971,-0.102002,0.936856,0.025649,0.003215,-0.707683,-0.23115698511764846,0.8895823331733784,-0.018722995679315572,0.2501404007598715,0.5129780544636419,-0.30491982350455116,0.0007201152184290645,0.29020643302931143,-0.3749399903984937,-0.044887181949100345,0.028804608737402423,0.06937109937590506,-0.106487,0.327952,-0.876995,0.10879400000000006,-0.15835,-0.9003220000000001,0.21528100000000006,0.486302,0.023327000000000098,0.26673,0.8541603428374145,single,-0.876995
549,2.2875,walk,1.658022,-0.098351,0.9368,0.024402,0.002711,-0.707073,-0.2277417806575015,0.8761699064074344,-0.01343892488602174,0.2604241541589417,0.5878572357221262,-0.43415457201690805,-0.006239500839951987,0.23998080153586274,-0.33309335253177724,-0.04823614110873662,0.0290376769858351,0.08399328053755262,-0.10556400000000021,0.325301,-0.878327,0.1095419999999998,-0.16188,-0.8999159999999999,0.21510600000000002,0.487181,0.02158899999999997,0.28411000000000003,0.8314705501398802,single,-0.878327
550,2.291667,walk,1.657117,-0.094751,0.936692,0.023306,0.002177,-0.70645,-0.21718262539001607,0.8639308855291952,-0.02591792656587519,0.19909997257669207,0.5466426409613174,-0.4408086876193535,-0.02591792656587519,0.21406287497000645,-0.2709383249340172,-0.052315814734782674,0.034077273818090226,0.09479241660667567,-0.10476700000000005,0.322593,-0.879348,0.11022900000000013,-0.165338,-0.899413,0.2149960000000002,0.487931,0.020065,0.29935,0.8108218996967058,single,-0.879348
551,2.295833,walk,1.656216,-0.091191,0.936685,0.02264,0.001525,-0.705869,-0.2162746039366337,0.8545367258761186,-0.0016802688430098544,0.012398161795858707,0.4414194900333896,-0.40841115539334905,-0.01776284205470606,0.19491118578972275,-0.23355736917906264,-0.05952952472396044,0.03336533845415181,0.10105616898703462,-0.10393999999999992,0.319845,-0.880314,0.11088200000000015,-0.16875900000000002,-0.898985,0.21482200000000007,0.48860400000000004,0.018670999999999993,0.31329,0.7967666952711954,single,-0.880314
552,2.3,walk,1.655249,-0.08766,0.936577,0.022068,0.001775,-0.705365,-0.23206143508518942,0.8473722102232191,-0.02591792656587519,0.28508396492411314,0.10374115012382756,-0.3442960201514322,0.004079673626094195,0.1927045836333177,-0.2171826253899778,-0.0614350851931955,0.0333573314134885,0.10535157187425533,-0.10295600000000005,0.317117,-0.881111,0.11159300000000005,-0.172151,-0.898438,0.2145490000000001,0.48926800000000004,0.01732699999999998,0.34276491556877203,0.7892741713604243,single,-0.881111
553,2.304167,walk,1.654375,-0.084137,0.936561,0.021433,0.001574,-0.704753,-0.20974322054235378,0.8454523638108432,-0.00383969282457764,0.1550685511190544,0.27738204627855556,-0.4226464344684232,0.009119270458358574,0.18382529397647468,-0.21334293256538198,-0.0652747780177666,0.029037676985848422,0.12287017038636126,-0.10204400000000002,0.31436000000000003,-0.881984,0.11219500000000004,-0.17555299999999996,-0.89791,0.21423900000000007,0.489913,0.015925999999999996,0.3711358325389966,0.7631159325935022,single,-0.881984
554,2.308333,walk,1.653438,-0.080596,0.936589,0.020859,0.001273,-0.704237,-0.22491598655783485,0.8499759961593628,0.006721075372066067,0.09940423516395497,0.29176613346802116,-0.3573077795763816,0.0062409985597889584,0.14858377340373588,-0.23667786845894714,-0.05784925588092393,0.043927028324528015,0.14978396543446532,-0.10108099999999998,0.311438,-0.882998,0.11289100000000007,-0.178911,-0.8973140000000001,0.21397200000000005,0.490349,0.014316000000000106,0.39097014096630567,0.7225545272556866,single,-0.882998
555,2.3125,walk,1.652415,-0.076913,0.936949,0.019368,0.000644,-0.703792,-0.24550035997121258,0.8838492920566772,0.08639308855292618,0.30035831453978523,0.714052019698955,-0.3205525258858696,0.013438924886023173,0.14710823134149997,-0.2723782097432323,-0.05759539236861746,0.05135589152867812,0.17662586993041376,-0.10000199999999992,0.308368,-0.884493,0.11367400000000005,-0.18238,-0.896938,0.21367599999999998,0.49074799999999996,0.01244500000000004,0.37554999999999994,0.6787552216357102,single,-0.884493
556,2.316667,walk,1.65148,-0.073403,0.937109,0.018562,0.000507,-0.70339,-0.22438204943603332,0.842332613390967,0.038396928245727206,0.23247762644550563,0.31534969843425203,-0.2802532656645454,0.010319174466046847,0.12239020878330543,-0.30717542596593755,-0.06287497000239894,0.06503479721623076,0.16582673386129965,-0.099024,0.305368,-0.885933,0.11434699999999998,-0.18561899999999998,-0.896407,0.21337099999999998,0.49098699999999995,0.010473999999999983,0.39526000000000006,0.6851751264377062,single,-0.885933
557,2.320833,walk,1.65055,-0.069904,0.937385,0.017788,0.00049,-0.702945,-0.22323571771485165,0.8398943831012737,0.0662506000960265,0.26248826991625046,0.26331069258726253,-0.3067591906116879,0.02352376380219126,0.11809889582332668,-0.31108977436388935,-0.0633701392222839,0.0703312530004752,0.1761881901104125,-0.09799599999999997,0.302361,-0.887505,0.11501300000000003,-0.188825,-0.895949,0.213009,0.491186,0.008444000000000007,0.41556,0.6666477587527164,single,-0.887505
558,2.325,walk,1.649609,-0.066394,0.937679,0.017426,0.000693,-0.702659,-0.22582193424521269,0.8423326133908773,0.07055435565154754,0.19458692605252853,0.05048456329630373,-0.19429987480395125,0.008879289656842454,0.11831053515717864,-0.283417326613854,-0.058075353971696844,0.08351331893447042,0.20278377729780347,-0.09701800000000005,0.299344,-0.88898,0.11571199999999982,-0.19198700000000002,-0.895398,0.21272999999999986,0.491331,0.006418000000000035,0.43582,0.6218888996547236,single,-0.88898
559,2.329167,walk,1.648674,-0.062904,0.938008,0.016597,0.000349,-0.702345,-0.2243820494360866,0.8375329973602478,0.07895368370528623,0.16988203749241162,0.39450598580348545,-0.22143136279629377,0.03575713942883646,0.12838972882170196,-0.24118070554356727,-0.055435565154758996,0.08375329973603543,0.20110391168707384,-0.09593399999999996,0.296389,-0.8903139999999999,0.11641600000000007,-0.19512799999999997,-0.8948889999999999,0.21235000000000004,0.491517,0.004574999999999996,0.49499145440256903,0.6253501620159012,single,-0.8903139999999999
560,2.333333,walk,1.647716,-0.059466,0.938456,0.015499,-0.000154,-0.702117,-0.22995679308689107,0.8252520403264305,0.10753720595295048,0.20754565809339637,0.5402947749703009,-0.16567626950903538,0.030964954392712966,0.13058089294286462,-0.17690830532884813,-0.05928948631783521,0.09265482477196037,0.223955832933264,-0.0948469999999999,0.293495,-0.8914989999999999,0.11712699999999998,-0.19818,-0.894404,0.21197399999999988,0.491675,0.0029050000000000464,0.6008646251027429,0.5841462101017437,double,-0.8914989999999999
561,2.3375,walk,1.646785,-0.05611,0.938885,0.015472,-0.000265,-0.70196,-0.22342212622991545,0.8053755699544399,0.10295176385889904,-0.027038979957187636,0.04584597011462528,-0.10670501831299956,0.002399808015321316,0.12455003599713059,-0.1259899208063407,-0.07175425965924236,0.10823134149268053,0.2224622030237676,-0.09390600000000004,0.290658,-0.8924529999999999,0.11775899999999995,-0.201085,-0.893906,0.211665,0.49174300000000004,0.0014530000000000376,0.6901738647853042,0.5706848838144798,double,-0.8924529999999999
562,2.341667,walk,1.645859,-0.052761,0.93938,0.01495,-0.00016,-0.701853,-0.22222222222220445,0.803695704343603,0.1187904967602575,0.2146276905218837,0.13917524128907208,-0.07527345808484422,-0.018718502519749387,0.08663306935444642,-0.12119030477561021,-0.08087353011753999,0.10151187904967145,0.22870170386367755,-0.09305799999999986,0.28767,-0.8934529999999999,0.11834800000000012,-0.204011,-0.893448,0.21140599999999998,0.49168100000000003,4.999999999921734e-06,0.7497625515748454,0.5616779548169468,double,-0.893448
563,2.345833,walk,1.645031,-0.049538,0.939914,0.014288,-0.000786,-0.701663,-0.19875180028807404,0.773643783005343,0.12818050888143945,0.016828065905950228,0.4357031763451648,-0.13689229261044736,-0.053048487758051904,0.08665386461834584,-0.1305808929428819,-0.07465194431113703,0.0969755160825846,0.257081132981298,-0.09245099999999984,0.284808,-0.8945310000000001,0.118865,-0.20682999999999999,-0.892911,0.21131599999999984,0.491638,0.0016200000000000658,0.7242464671906008,0.5092596597060578,double,-0.892911
564,2.35,walk,1.644006,-0.046233,0.940405,0.013099,-0.000508,-0.701459,-0.24598032157421867,0.7931365490760245,0.1178305735541131,0.5016103290151855,0.30388740912295115,-0.14372817338637212,-0.07223422126232024,0.0851931845452298,-0.12359011279096957,-0.06887449004077482,0.05543556515477974,0.1936645068394399,-0.09172700000000011,0.281858,-0.895537,0.1196029999999999,-0.209904,-0.892595,0.21133000000000002,0.49176200000000003,0.002942,0.7223602584382256,0.615761038056142,double,-0.892595
565,2.354167,walk,1.642997,-0.042912,0.940992,0.013262,-0.000429,-0.701431,-0.24214062874972012,0.7969762419006854,0.1408687305015673,-0.029000959444675303,-0.08207911270905645,-0.017456848768719373,-0.10775137988959496,0.059755219582435945,-0.11351091912647535,-0.07223422126227465,0.08495320374370942,0.22438204943605497,-0.091167,0.278786,-0.8965970000000001,0.12031100000000006,-0.21287099999999998,-0.892247,0.21147800000000005,0.491657,0.004350000000000076,0.7207859498103344,0.5388939467472176,double,-0.892247
566,2.358333,walk,1.641922,-0.039607,0.941409,0.01289,8.8e-05,-0.701271,-0.25804128660583475,0.7933269323091466,0.10009601536245542,0.3023709311147945,-0.05265549547066542,-0.1067480021804584,-0.07705232837254126,0.03312530004800659,-0.13010081613057586,-0.06144983197312217,0.10465674507920787,0.23211713874219303,-0.09041300000000008,0.275619,-0.897556,0.12112999999999996,-0.21574,-0.8916970000000001,0.21154300000000004,0.491359,0.005858999999999948,0.7420133015447508,0.5048594994277367,double,-0.8916970000000001
567,2.3625,walk,1.640872,-0.036338,0.941911,0.012453,0.000173,-0.701168,-0.2519798416126814,0.7844972402208185,0.12047036237101641,0.17878870071786823,0.11737524644792828,-0.07138019297097646,-0.041756659467272965,0.02591792656587519,-0.11351091912647535,-0.08519318454526552,0.13558915286777248,0.28821694264460174,-0.0895370000000002,0.272458,-0.8985310000000001,0.12182499999999985,-0.218444,-0.8909980000000001,0.21136200000000005,0.490902,0.007533000000000012,0.7938441373871248,0.42467,single,-0.8909980000000001
568,2.366667,walk,1.639801,-0.033063,0.942405,0.012872,0.000681,-0.701135,-0.25701943844491937,0.7859371250299497,0.11855051595871474,0.027752894287658213,-0.31501904523599145,-0.01703959108761905,0.008639308855326334,0.026637868970480736,-0.09095272378209293,-0.07607391408684458,0.1739860811135078,0.312215022798158,-0.08843000000000001,0.269294,-0.8994040000000001,0.122579,-0.22099399999999997,-0.8901910000000001,0.211009,0.49028799999999995,0.009213000000000027,0.841389613586486,0.40786999999999995,single,-0.8901910000000001
569,2.370833,walk,1.63869,-0.029825,0.942967,0.012566,0.000746,-0.70099,-0.2666826692270892,0.7772443590974346,0.1349015842534652,0.12756404391817094,0.07990471443975333,-0.09860490926936563,0.04320691310605906,0.032165146423425724,-0.06337013922227391,-0.06889102256364388,0.18891022563609233,0.32381180988957253,-0.08713900000000008,0.26619,-0.90023,0.12340299999999993,-0.223445,-0.889404,0.210542,0.489635,0.010826000000000002,0.8613837378302831,0.39174,single,-0.889404
570,2.375,walk,1.637572,-0.026619,0.943505,0.012257,0.00105,-0.700789,-0.26829853611711146,0.7693784497240573,0.12910967122631703,0.2093291179781874,-0.001218458009383485,-0.13514536606949665,0.06815454763623373,0.03551715862731365,-0.04439644828413874,-0.09335253179745391,0.2023038156947495,0.3354931605471724,-0.08573699999999995,0.263132,-0.900953,0.12413199999999991,-0.225808,-0.888544,0.20986899999999986,0.48894000000000004,0.012409000000000003,0.8520740093013512,0.37590999999999997,single,-0.888544
571,2.379167,walk,1.636452,-0.023435,0.944018,0.012123,0.001533,-0.700684,-0.268778497720197,0.7640988720902675,0.12311015118790715,0.20899602201176334,-0.12084378833207704,-0.06801718696302922,0.10127189824812616,0.03935685145188504,-0.036957043436527094,-0.07175425965918907,0.23326133909289004,0.33957283417328155,-0.08419500000000002,0.260112,-0.90162,0.12495300000000009,-0.22801999999999997,-0.887642,0.2091480000000001,0.488132,0.013977999999999935,0.8087266195079096,0.36022,single,-0.887642
572,2.383333,walk,1.635342,-0.020286,0.944564,0.012279,0.001819,-0.700632,-0.2664426308209107,0.755880940950532,0.13106096975514173,0.04309745026612177,-0.15068961458283195,-0.03240512898339811,0.060729716754693186,0.030244839174270653,-0.0408065290446452,-0.06649063850217839,0.2539606337013861,0.3739798367738728,-0.08283200000000002,0.257089,-0.9023359999999999,0.12578599999999995,-0.23011099999999998,-0.8866299999999999,0.20861799999999997,0.48719999999999997,0.015705999999999998,0.8680486031561638,0.34294,single,-0.8866299999999999
573,2.3875,walk,1.634241,-0.017204,0.945389,0.011442,0.00078,-0.70067,-0.2642188624909891,0.7396208303335278,0.19798416126710472,-0.06294947585215506,0.6374346802017818,0.014680899651397988,0.01559875209982668,0.013918886489073964,-0.035517158627308205,-0.06407487401007943,0.2752579793616298,0.37532997360208964,-0.08166600000000002,0.254065,-0.903309,0.12661999999999995,-0.232046,-0.885891,0.20828599999999997,0.48611099999999996,0.017418000000000045,0.9313113905382303,0.32582,single,-0.885891
574,2.391667,walk,1.633105,-0.014083,0.946049,0.01145,0.000619,-0.700605,-0.2726181905447751,0.7489800815935068,0.15838732901368469,-0.05650679548120101,0.05210326286256835,-0.04466608721242956,-0.033837293016547434,0.002159827213825153,-0.04415646748260261,-0.07079433645307119,0.3006959443244688,0.39668826493882176,-0.08067099999999994,0.250953,-0.904153,0.12746100000000005,-0.23391399999999998,-0.8848980000000001,0.20813199999999998,0.484867,0.01925499999999991,0.9072125955503147,0.30745000000000006,single,-0.8848980000000001
575,2.395833,walk,1.631978,-0.011009,0.946659,0.011549,0.000522,-0.700427,-0.2705232837254127,0.7378780604896582,0.14642342774843561,-0.06553041757311782,-0.0010011905590269251,-0.11971765387017713,-0.029524723955854988,-0.0040806529044620215,-0.048247719635140254,-0.06625060009605316,0.30484877580411873,0.405904944791155,-0.07966699999999993,0.247862,-0.904964,0.12831199999999998,-0.235718,-0.8838170000000001,0.20797899999999991,0.48358,0.021146999999999916,0.9054806971097786,0.28853000000000006,single,-0.8838170000000001
576,2.4,walk,1.630864,-0.007942,0.94721,0.011892,0.000813,-0.700337,-0.2673386129109403,0.7360211183105688,0.1322294216462667,-0.019177901555236798,-0.21545930505043456,-0.056865865788946035,-0.008159347252241676,0.004799616030715901,-0.03911687065035058,-0.07271418286536022,0.3498920086393284,0.43124550035999254,-0.07858700000000018,0.244815,-0.905678,0.12912299999999988,-0.23732699999999998,-0.882571,0.20771000000000006,0.48214199999999996,0.02310699999999999,0.9329233268088504,0.26893,single,-0.882571
577,2.404167,walk,1.629742,-0.00489,0.947861,0.01204,0.000585,-0.700217,-0.26925845932325393,0.7324214062874522,0.15622750179983622,-0.12663366939251286,0.02771449465078404,-0.081121206783247,-0.0009599232061177668,0.009359251259901337,-0.024238060955121377,-0.06815454763617318,0.3726901847851942,0.4598032157427128,-0.07746900000000001,0.24180200000000002,-0.90643,0.129961,-0.23882599999999998,-0.8813059999999999,0.20743,0.480628,0.025124000000000035,0.9566666462957808,0.24876000000000004,single,-0.8813059999999999
578,2.408333,walk,1.62861,-0.001863,0.94844,0.012291,0.000775,-0.700113,-0.2717234757561744,0.7265962554009218,0.13898223715795538,-0.02155009305370666,-0.15006080537800623,-0.067555751934068,0.023283725396068513,0.006481036965914879,-0.02928468554969124,-0.0679308689390436,0.3994239078252834,0.48391742678832206,-0.07623999999999986,0.23880200000000001,-0.9071309999999999,0.1308100000000001,-0.24018899999999999,-0.879869,0.20704999999999996,0.478991,0.027261999999999897,0.9367164995126127,0.22738000000000008,single,-0.879869
579,2.4125,walk,1.627542,0.001122,0.94896,0.01289,0.000879,-0.699948,-0.2562994960402644,0.7163426925845495,0.12479001679866673,-0.16935256869806384,-0.23783390453952327,-0.10688783087218556,0.045836333093362276,0.010079193664502984,-0.024238060955121377,-0.07103431725463306,0.4502039836812754,0.4996400287976659,-0.07498099999999996,0.23585899999999999,-0.907752,0.13158199999999987,-0.241298,-0.8783070000000001,0.20656299999999983,0.477157,0.029444999999999943,0.9119652345308276,0.20555000000000012,single,-0.8783070000000001
580,2.416667,walk,1.626464,0.004094,0.949573,0.013199,0.000736,-0.699819,-0.2586993040557196,0.7132229421646595,0.1471082313414933,-0.15314098500024892,-0.05554468910873931,-0.08587689132373487,0.04439644828411043,0.0026397888168974088,-0.028797696184307064,-0.07223422126227465,0.4946004319654671,0.5147588192944819,-0.07371799999999995,0.232898,-0.908485,0.13235900000000012,-0.242209,-0.876775,0.20607700000000007,0.475107,0.031710000000000016,0.9116930792512532,0.1829,single,-0.876775
581,2.420833,walk,1.625444,0.006997,0.950088,0.013686,0.000716,-0.699601,-0.24483917426782786,0.6968314930388669,0.12361977916467333,-0.17232086793017434,-0.158067314467789,-0.14391757467914265,0.030724915986587737,-0.0019203072491617336,-0.03192510801728217,-0.08425348055688445,0.5340854536725741,0.5163226116178448,-0.07257000000000002,0.229987,-0.9091330000000001,0.13302799999999992,-0.242887,-0.875139,0.20559799999999995,0.472874,0.03399400000000008,0.9260833697063375,0.16005999999999998,single,-0.875139
582,2.425,walk,1.624421,0.009919,0.950611,0.014018,0.000932,-0.699373,-0.24550035997126587,0.7012239020878652,0.1255099592032551,-0.03981209760642434,-0.18696620791823734,-0.14940198990910106,0.0038396928245780495,-0.0035997120230352605,-0.033117350611952374,-0.0820734341252892,0.5586753059755467,0.5154787616990869,-0.07153099999999979,0.22705,-0.909794,0.13370900000000008,-0.243481,-0.873514,0.20523999999999987,0.47053100000000003,0.03627999999999998,0.9441117166127401,0.13720000000000004,single,-0.873514
583,2.429167,walk,1.6234,0.012805,0.951141,0.014146,0.001008,-0.699178,-0.24502039836810088,0.6925845932324991,0.12718982481401445,-0.01703947910507357,-0.07026112801026954,-0.1295352612557364,0.0033597312214921136,0.0016798656107460568,-0.026637868970480736,-0.11711063114951145,0.5697144228461345,0.33549316054713496,-0.07049599999999989,0.22417099999999998,-0.910435,0.13424199999999997,-0.24399300000000002,-0.872646,0.20473799999999986,0.468164,0.03778899999999996,0.9551643183502452,0.12211000000000005,single,-0.872646
584,2.433333,walk,1.622411,0.015688,0.951665,0.01437,0.001137,-0.698978,-0.23739798367735948,0.6920307249159676,0.1257801248199603,-0.03218123287039417,-0.12072194566211777,-0.1316401104594032,0.010321651464237655,0.007201152184349838,-0.01344215074411881,-0.09145463274122761,0.6404224675947985,0.5153624579932672,-0.06946399999999997,0.221318,-0.911015,0.13484999999999991,-0.244208,-0.871023,0.20431399999999988,0.465526,0.03999200000000003,0.9693095880716713,0.10007999999999995,single,-0.871023
585,2.4375,walk,1.621428,0.018473,0.952215,0.014444,0.000652,-0.698877,-0.23590112790976747,0.6683465322774481,0.13198944084475056,-0.18736588630520706,0.14096976422986462,-0.07125854410490093,0.016078713702860636,0.005279577633788157,-0.011999040076794748,-0.089752819774392,0.6894648428126099,0.5389968802496041,-0.0684140000000002,0.218555,-0.9116150000000001,0.135459,-0.24411999999999998,-0.8693270000000001,0.2038730000000002,0.46267499999999995,0.04228799999999999,0.9654241599646403,0.07711999999999997,single,-0.8693270000000001
586,2.441667,walk,1.620516,0.021273,0.952727,0.014603,0.000486,-0.698672,-0.21886249100073568,0.6719462443004868,0.12287017038636437,-0.10882393242785446,0.0022807371498830037,-0.1376408695491928,0.02591792656587519,0.0052795776337948176,-0.010799136069114108,-0.07271418286541351,0.7029037676986132,0.5339572834173488,-0.06739400000000018,0.215777,-0.912172,0.13606799999999986,-0.243991,-0.867614,0.20346200000000003,0.459768,0.044557999999999987,0.9523836455119146,0.05442000000000008,single,-0.867614
587,2.445833,walk,1.619574,0.024002,0.953242,0.01468,0.000147,-0.698708,-0.22611617858856758,0.6550648103696409,0.12361977916467333,-0.1404082665609492,0.09082798633660855,0.02204266772069757,0.018482957273188348,0.0038406144983168045,-0.01056168987037954,-0.074891982717201,0.7191550648103496,0.5256841094575015,-0.06637500000000007,0.213064,-0.9127310000000001,0.136698,-0.243724,-0.865939,0.20307300000000006,0.45678799999999997,0.046792000000000056,0.9639475951562919,0.03207999999999994,single,-0.865939
588,2.45,walk,1.618754,0.026789,0.953652,0.014986,0.000301,-0.698505,-0.19678425725941756,0.6688264938804491,0.09839212862970878,-0.05204408625571821,-0.15690236746783065,-0.13267797986247606,0.0069594432445536335,-0.004079673626107082,-0.01775857931365327,-0.06671466282696989,0.7458603311734606,0.5269978401727515,-0.06552599999999997,0.21026,-0.9132150000000001,0.13724000000000003,-0.243403,-0.8641530000000001,0.202766,0.45366300000000004,0.04906200000000005,0.967491679423696,0.009380000000000055,single,-0.8641530000000001
589,2.454167,walk,1.61782,0.029509,0.954101,0.014977,6.6e-05,-0.698421,-0.22414206863451716,0.6527477801776156,0.10775137988959496,-0.07509266927062469,0.08312107504095849,-0.05802452442785015,0.00023998080151614568,-0.0052795776337948176,-0.019438444924406394,-0.021358291336695416,0.8543316534677634,0.7288216942644916,-0.06459100000000007,0.20751799999999998,-0.913745,0.138085,-0.242563,-0.861565,0.20267600000000008,0.45008099999999995,0.052180000000000004,0.9664265038453965,0.0,single,-0.861565
590,2.458333,walk,1.616985,0.032254,0.954525,0.014967,0.000236,-0.698364,-0.20043206913108938,0.6589054248679602,0.10177628420546528,0.060839848575364786,-0.05545172261985067,-0.03713397646519689,0.0060009601536104296,-0.003600576092171588,-0.018242918867018145,-0.043206913106112355,0.936629860777696,0.5667306769082903,-0.06373099999999998,0.204758,-0.914245,0.13874000000000009,-0.241406,-0.859628,0.20247100000000007,0.446164,0.05461700000000003,0.9674346912706624,0.0,single,-0.859628
591,2.4625,walk,1.616171,0.034958,0.954935,0.015119,0.00025,-0.69843,-0.1953443724501818,0.6489080873530426,0.09839212862971927,-0.04800833656128548,-0.05529053444323685,0.045544109471037326,0.006959443244554375,-0.0002399808015361281,-0.013918886489082108,-0.014638828893710475,0.9500839932805852,0.5454763618910763,-0.06288800000000005,0.20205299999999998,-0.914713,0.13949299999999987,-0.240151,-0.857765,0.20238099999999992,0.442204,0.056948,0.974060602564437,0.0,single,-0.857765
592,2.466667,walk,1.615376,0.037635,0.955325,0.015276,7e-05,-0.698434,-0.19078473722103498,0.6424286057115036,0.09359251259898672,-0.11430067077984836,0.009214642001565302,0.002059986626553158,-0.0014398848092032936,0.0002399808015361025,-0.0007199424046083076,-0.018238540916717148,1.007679385649082,0.5363570914326496,-0.062098999999999904,0.199377,-0.915106,0.140212,-0.238629,-0.85592,0.2023109999999999,0.438006,0.05918599999999996,0.9972872850239651,0.0,single,-0.85592
593,2.470833,walk,1.614623,0.040311,0.955724,0.01536,-1.4e-05,-0.698607,-0.18074891982718755,0.6423427748440254,0.09577532405186505,-0.05827925851310639,0.0019516694692984862,0.11614334013269133,-0.001440230436858129,-0.002640422467597665,-0.00720115218434894,-0.014882381180991696,1.1072971675468966,0.5187229956793522,-0.06135199999999985,0.19668999999999998,-0.915535,0.140903,-0.236692,-0.854158,0.20225499999999985,0.433382,0.061377000000000015,0.9869933043630938,0.0,single,-0.854158
594,2.475,walk,1.613881,0.042971,0.956082,0.015691,0.000112,-0.698758,-0.1780657547396149,0.6383489320853949,0.08591312694983144,-0.07253758079572627,-0.1531318931381194,0.10474707621980739,-0.011039116870647394,-0.003119750419962672,-0.004799616030717054,-0.01655867530594445,1.1593472522197523,0.4778017758579005,-0.06065599999999982,0.194017,-0.915913,0.14157600000000015,-0.234521,-0.852525,0.20223199999999997,0.428538,0.063388,0.9792748637580551,0.0,single,-0.852525
595,2.479167,walk,1.613123,0.045535,0.956476,0.015822,6e-06,-0.698988,-0.18190544756415863,0.6153107751380162,0.09455243580514122,-0.0822391441996231,-0.005828687665465542,0.15427539672092436,-0.020638348932093695,-0.005759539236860413,-0.005759539236862079,-0.05231581473483596,1.2546196304296253,0.45164386849054344,-0.05998400000000004,0.19142900000000002,-0.916331,0.1421159999999999,-0.23185699999999998,-0.851037,0.20209999999999995,0.423286,0.06529399999999996,0.963020800475705,0.0,single,-0.851037
596,2.483333,walk,1.612426,0.048494,0.957009,0.015445,0.001221,-0.699329,-0.16730676908308945,0.7102736437829866,0.1279404704752739,0.5346298390389365,-0.28793244280816876,0.23600384671844135,-0.019683149303921094,-0.007441190590495055,-0.006000960153623755,-0.04944791166584801,1.3209313490158017,0.4131060969755048,-0.059369000000000005,0.188439,-0.916889,0.14260700000000015,-0.22931300000000002,-0.849849,0.20197600000000016,0.417752,0.06703999999999999,0.9635304843171915,0.0,single,-0.849849
597,2.4875,walk,1.611742,0.050829,0.957251,0.016096,0.000623,-0.699503,-0.1641468682505251,0.5603551715862979,0.05807535397167639,-0.42547573859667376,-0.012215254404353833,0.11662662635157317,-0.008879289656790114,-0.006719462443004926,-0.01175905927525862,-0.06383489320857011,1.3630909527238488,0.3772498200144137,-0.05872199999999994,0.18607600000000002,-0.91718,0.14302499999999996,-0.225968,-0.848519,0.2017469999999999,0.41204399999999997,0.06866099999999997,0.9730088267838056,0.0,single,-0.848519
598,2.491667,walk,1.611032,0.053465,0.957621,0.016439,0.000667,-0.699768,-0.1703863690904596,0.6325893928485334,0.08879289656829133,-0.10498691412081751,-0.1282774722213178,0.1807489875993926,0.0031197504199759933,-0.005999520038395902,-0.009839212862970213,-0.07199424046075083,1.4046076313894025,0.33789296856249595,-0.05799899999999991,0.183415,-0.917591,0.14343499999999998,-0.22275099999999998,-0.847481,0.2014339999999999,0.406166,0.07011,0.9801018431104165,0.0,single,-0.847481
599,2.495833,walk,1.610446,0.056366,0.958214,0.016264,0.002032,-0.700287,-0.1406625060009504,0.6963514162265774,0.14234277484396027,0.5143945521453935,-0.4052826117638883,0.35909649444984965,0.00864138262120115,-0.005040806529049551,-0.007441190590495055,-0.06553048487757086,1.4387902064329898,0.2978876620259141,-0.05737700000000001,0.180493,-0.918215,0.143748,-0.219658,-0.8468330000000001,0.201125,0.400151,0.07138199999999995,0.9792197649012485,0.0,single,-0.8468330000000001
600,2.5,walk,1.609713,0.05865,0.958432,0.017192,0.001413,-0.700499,-0.1759059275258287,0.5481161507079687,0.05231581473480931,-0.5279202802080715,-0.09844943796277485,0.14384995120420266,0.0,-0.009359251259895673,-0.014158867290616571,-0.042476601871874686,1.4787616990641426,0.24406047516199914,-0.05664399999999992,0.17817,-0.918492,0.144304,-0.21578,-0.846034,0.2009479999999999,0.39395,0.07245800000000002,0.9717123354770263,0.0,single,-0.846034
601,2.504167,walk,1.609071,0.061226,0.958878,0.017288,0.00167,-0.700976,-0.1540676745860477,0.6181905447564482,0.10703143748501988,0.04931553767274231,-0.11666411304503849,0.3240852659422703,-0.02111831053517927,-0.004079673626107516,0.003599712023036926,-0.04631629469639945,1.4979601631870127,0.2037437005039696,-0.05608999999999997,0.175577,-0.918923,0.14475300000000013,-0.212114,-0.845631,0.2008430000000001,0.387691,0.07329200000000002,0.9636534923195036,0.0,single,-0.845631
602,2.508333,walk,1.608397,0.063785,0.959252,0.017699,0.001804,-0.701451,-0.16178588574167618,0.6142582813249933,0.08977436389821776,-0.09992355205018431,-0.18061657857034671,0.32388765920374724,-0.04392702832454134,-0.009121459433511572,0.0038406144983201356,-0.030724915986587737,1.5192030724915573,0.16226596255400325,-0.055599000000000176,0.17298000000000002,-0.919281,0.14529899999999984,-0.20834399999999997,-0.845329,0.20089800000000002,0.381324,0.07395200000000002,0.9249530672892148,0.0,single,-0.845329
603,2.5125,walk,1.607595,0.06628,0.959532,0.018369,0.001777,-0.701907,-0.1924646028317544,0.5987520998319796,0.06719462443005542,-0.2425724305932439,-0.21286613595636109,0.3123539118728634,-0.011999040076765161,-0.007919366450684723,-0.008879289656827468,-0.03527717782574712,1.574754019678326,0.12359011279096957,-0.05484700000000009,0.170452,-0.919598,0.14595399999999992,-0.20427700000000001,-0.845094,0.200801,0.374729,0.07450400000000001,0.971837026250279,0.0,single,-0.845094
604,2.516667,walk,1.606775,0.068732,0.959837,0.019238,0.001778,-0.702397,-0.19678425725943854,0.5884329253659966,0.0731941444684458,-0.30152011144726004,-0.28920948466002727,0.33718923503689635,-0.011999040076819727,-0.006959443244541054,-0.007199424046075517,-0.03503719702423474,1.592512598992154,0.09479241660667734,-0.05407700000000015,0.16797099999999998,-0.919933,0.14662799999999998,-0.20009300000000002,-0.8450040000000001,0.20070500000000013,0.368064,0.07492899999999991,0.9739528995197415,0.0,single,-0.8450040000000001
605,2.520833,walk,1.606073,0.071613,0.960535,0.017947,0.003076,-0.703607,-0.1685069611137689,0.6915506481036764,0.16754680748918802,0.866868656702901,0.0021318924696596096,0.819927210515572,-0.0031204992798411803,-0.0026404224675907213,-0.0038406144983201356,-0.024963994239102536,1.6397023523763363,0.04152664426307918,-0.05338799999999999,0.16507900000000003,-0.920647,0.14722599999999986,-0.196143,-0.845529,0.20061399999999985,0.36122200000000004,0.07511800000000002,0.9906518471391471,0.0,single,-0.845529
606,2.525,walk,1.605296,0.07358,0.960651,0.02011,0.001818,-0.703795,-0.1864650827933917,0.47204223662109435,0.027837772978164217,-1.164639277045213,-0.3002826980221392,0.1311169673826402,0.0038396928245780495,-0.007199424046077182,-0.011519078473722492,-0.033837293016547434,1.6774658027358569,0.008879289656830078,-0.05259499999999995,0.163082,-0.920811,0.14786199999999994,-0.19112,-0.845608,0.20045699999999989,0.354202,0.07520300000000002,0.9764731762741305,0.0,single,-0.845608
607,2.529167,walk,1.604634,0.076497,0.961282,0.019177,0.003122,-0.704934,-0.15886729061677998,0.7000239980801083,0.15142788576911417,0.7467705087073616,-0.1192529772637997,0.7765570178035165,0.001199904007633887,-0.00383969282457764,-0.0067194624430042095,-0.032637389008856654,1.7345812335012172,-0.019678425725943752,-0.051927999999999974,0.16014899999999999,-0.92147,0.1483880000000002,-0.186809,-0.846321,0.20031600000000016,0.346958,0.07514900000000002,0.9869473091176152,0.0,single,-0.846321
608,2.533333,walk,1.60391,0.078519,0.961393,0.020916,0.002449,-0.705165,-0.17378780604896885,0.48535765722519686,0.02664426308211523,-0.8225531083840398,-0.35772846634292976,0.16289112092571564,-0.0072011521843439435,-0.005760921747479152,-0.005760921747480818,-0.028084493519000008,1.7794047047528987,-0.06024963994239252,-0.051234,0.158103,-0.921605,0.148995,-0.18141800000000002,-0.8466830000000001,0.200229,0.339521,0.07492199999999993,0.9818774977549964,0.0,single,-0.8466830000000001
609,2.5375,walk,1.603268,0.080973,0.961738,0.021377,0.002699,-0.705828,-0.15406767458603127,0.5889128869690061,0.08279337652985545,-0.07976801952255365,-0.23520619330842385,0.4562900624658529,-0.008879289656789167,-0.0026397888168971278,0.0007199424046083076,-0.03023758099348231,1.7969762419005406,-0.08447324214062482,-0.05062899999999981,0.155638,-0.921947,0.14951100000000017,-0.17638399999999999,-0.84738,0.20013999999999998,0.332022,0.07456699999999994,0.9845144702963513,0.0,single,-0.84738
610,2.541667,walk,1.602601,0.083508,0.962066,0.02148,0.003401,-0.706355,-0.16006719462443092,0.6083513318934752,0.07871370290377008,0.19667244762979783,-0.26874279663304995,0.36639062430332986,-0.015118790496796052,-0.005519558435324285,-0.004799616030717566,-0.03119750419970997,1.8351331893449365,-0.1324694024478095,-0.050024999999999986,0.15308,-0.922295,0.15004799999999996,-0.17127199999999998,-0.84826,0.20007299999999995,0.324352,0.07403499999999996,0.9720079542325318,0.0,single,-0.84826
611,2.545833,walk,1.602011,0.085935,0.962415,0.021869,0.003896,-0.707023,-0.14162265962550463,0.5825732117138579,0.08377340374460733,0.02761380267507128,-0.2942696324975322,0.46229624633003635,-0.049207873259722784,-0.007201152184349838,0.01872299567930858,-0.030724915986534436,1.8466154584733032,-0.17570811329812538,-0.04964000000000013,0.150623,-0.922566,0.15050999999999992,-0.166006,-0.849341,0.20015000000000005,0.316629,0.07322499999999998,0.9114339237453107,0.0,single,-0.849341
612,2.55,walk,1.601405,0.08842,0.962758,0.022082,0.004516,-0.707618,-0.14542836573077372,0.5963522918166821,0.08231341492680534,0.13065806708028102,-0.27750739307592365,0.41360957628213585,-0.002399808015321316,-0.0011999040076739796,-0.006479481641468798,-0.013198944084453742,1.948884089272948,-0.1706263498920139,-0.049043999999999865,0.14813300000000001,-0.922936,0.1510610000000001,-0.16037,-0.850395,0.20010499999999998,0.308503,0.07254099999999997,0.9883116237131637,0.0,single,-0.850395
613,2.554167,walk,1.600845,0.090905,0.963106,0.022114,0.004978,-0.708185,-0.13438924886005754,0.5963522918166186,0.08351331893448374,0.13875995217335213,-0.16270310942009883,0.3916285909137849,0.0009599232061177668,-0.0002399808015361025,-0.001919846412287155,-0.023758099352067488,1.9472042236619875,-0.2111831053515604,-0.04848000000000008,0.14564700000000003,-0.923292,0.15152199999999993,-0.15474100000000002,-0.851623,0.200002,0.300388,0.07166899999999998,0.9964002879769807,0.0,single,-0.851623
614,2.558333,walk,1.600268,0.093386,0.96343,0.022196,0.005501,-0.70877,-0.13850216034566346,0.5955352856456864,0.07777244359097026,0.14232768166091128,-0.20026557186085947,0.40548834469318384,0.005520883341359971,0.0,0.0009601536245792011,-0.0007201152184289877,1.9822371579452174,-0.24003840614497685,-0.04787999999999992,0.14316600000000002,-0.923612,0.152096,-0.14896399999999999,-0.852947,0.19997599999999993,0.29213,0.07066499999999998,0.9906604116418782,0.0,single,-0.852947
615,2.5625,walk,1.599705,0.095776,0.963738,0.022478,0.006096,-0.70939,-0.13510919126472687,0.5735541156707733,0.07391408687304753,0.09855490377375986,-0.29235976993190377,0.43210187956510104,-0.005039596832265351,0.0009599232061378516,-0.0019198464122873594,-0.010079193664530701,2.0201583873291065,-0.251259899208073,-0.04733799999999988,0.14078,-0.923928,0.152617,-0.142936,-0.854302,0.19995499999999988,0.28371599999999997,0.06962599999999997,0.9908705605867256,0.0,single,-0.854302
616,2.566667,walk,1.599173,0.098733,0.964307,0.021203,0.007946,-0.710348,-0.12766978641708693,0.7096232301416214,0.13654907607393033,1.0479678201674676,-0.1838031217230798,0.669343085008543,-0.006959443244554375,0.0011999040076806405,-0.013918886489080443,-0.005279577633781497,2.0472762179026622,-0.278137748980096,-0.04683499999999996,0.137828,-0.924555,0.153127,-0.13736199999999998,-0.8560300000000001,0.19996199999999997,0.27519,0.06852499999999995,0.9739867009974957,0.0,single,-0.8560300000000001
617,2.570833,walk,1.598575,0.101196,0.964602,0.021315,0.008321,-0.710747,-0.14354296687466636,0.5912145943350757,0.07081132981275232,0.08435186557355782,-0.16234860969780057,0.27830296455005715,-0.0012001920307327459,-0.0012001920307260835,-0.00960153624580034,0.0031204992798944792,2.078492558809352,-0.2947671627460296,-0.046242000000000116,0.13535999999999998,-0.92489,0.15373799999999993,-0.131166,-0.857553,0.19998000000000005,0.266526,0.06733699999999998,0.9837493230824177,0.0,single,-0.857553
618,2.575,walk,1.597865,0.103596,0.964757,0.022262,0.008473,-0.710834,-0.1703863690904596,0.5759539236860699,0.037197024238062586,-0.26928782269121276,-0.37393285756621,0.0680667871175907,0.00767938564915528,0.00479961603072205,-0.005759539236859799,0.0021598272138049403,2.075113990880603,-0.32277417806573483,-0.045500000000000096,0.13298000000000001,-0.9250689999999999,0.15445699999999984,-0.124919,-0.859053,0.19995699999999994,0.257899,0.06601599999999996,0.9821128871490189,0.0,single,-0.859053
619,2.579167,walk,1.59718,0.105395,0.964469,0.022341,0.005453,-0.710736,-0.16438684905209455,0.4317254619630648,-0.06911447084232496,-1.055242732520255,0.991441835895412,-0.10898324488044411,0.00599952003838322,0.008879289656823417,-0.006479481641468798,0.019438444924406394,2.176865850732041,-0.32613390928727504,-0.04479000000000011,0.131218,-0.9248080000000001,0.1552229999999999,-0.117647,-0.860124,0.200013,0.248865,0.06468400000000007,0.97912872070132,0.0,single,-0.860124
620,2.583333,walk,1.596668,0.108429,0.965062,0.021683,0.007783,-0.71198,-0.12289966394624434,0.7282765242438579,0.14234277484396027,1.0003314795754,-0.5518984715954524,0.8768690125057683,-0.0012001920307327459,0.007681228996640271,-0.009601536245798674,0.028084493518997014,2.145223235717656,-0.36509841574650814,-0.04428300000000007,0.128216,-0.925441,0.1558520000000001,-0.111744,-0.862238,0.20013500000000017,0.23996,0.06320300000000001,0.9794093307209817,0.0,single,-0.862238
621,2.5875,walk,1.596158,0.110159,0.964928,0.02263,0.006066,-0.711782,-0.12239020878330543,0.4151667866570886,-0.0321574274058012,-0.9030371989523588,0.25339735140657976,-0.15234618032734984,-0.004079673626094195,-0.0011999040076806405,-0.008639308855292285,0.011759059275250294,2.1754259659228254,-0.37940964722823883,-0.043789999999999996,0.12648099999999998,-0.925343,0.15641100000000008,-0.104409,-0.863685,0.20020100000000007,0.23088999999999998,0.06165799999999999,0.9839513617728768,0.0,single,-0.863685
622,2.591667,walk,1.595651,0.112495,0.96516,0.022723,0.005947,-0.712191,-0.12167026637869074,0.5605951523877727,0.05567554595632249,-0.07770896019074434,0.01155248432050478,0.27870305380287985,-0.0016798656107194136,-0.007199424046076415,-0.00623950083993367,0.015118790496741155,2.160787137028906,-0.40916726661864516,-0.04328999999999983,0.12411499999999999,-0.925601,0.15698100000000004,-0.097741,-0.865622,0.20027099999999987,0.221856,0.059979000000000005,0.983876774361462,0.0,single,-0.865622
623,2.595833,walk,1.595199,0.115481,0.965765,0.022328,0.00844,-0.713312,-0.10849735957751626,0.7167546807489772,0.14522323571771834,0.9696388704288921,-0.6956995485325392,0.8001159889081504,-0.005760921747485814,-0.0014402304368647913,-0.005280844935188668,0.040326452232347404,2.281565050408246,-0.34085453672590427,-0.042861999999999956,0.12112300000000001,-0.9262279999999999,0.15760099999999988,-0.091222,-0.867647,0.20046299999999984,0.212345,0.058580999999999994,0.9867555245981333,0.0,single,-0.867647
624,2.6,walk,1.594768,0.117164,0.965614,0.02319,0.006285,-0.713123,-0.10343172546197359,0.40388768898485755,-0.03623710103191818,-1.0248131682291977,0.4280933131219649,-0.1541468388135965,-0.0033597312215454,0.0011999040076805126,-0.005039596832253157,0.024958003359754663,2.307655387568855,-0.3599712023037941,-0.042445000000000066,0.11944500000000001,-0.926098,0.15813600000000005,-0.083289,-0.868996,0.20058100000000012,0.20273400000000003,0.057101999999999986,0.9897090790094252,0.0,single,-0.868996
625,2.604167,walk,1.594346,0.120158,0.966212,0.022891,0.008856,-0.714143,-0.10127189824812616,0.7185025197984481,0.14350851931845807,0.9656858277993009,-0.7540578060789463,0.7342994787649954,0.0002399808015694321,0.0033597312214991323,-0.004079673626110847,0.05975521958242262,2.227741780657649,-0.3918886489081042,-0.042022000000000004,0.116465,-0.926713,0.15880699999999992,-0.077,-0.871227,0.20082899999999992,0.193465,0.055486000000000035,0.9911825423225944,0.0,single,-0.871227
626,2.608333,walk,1.593934,0.122578,0.966343,0.02307,0.009428,-0.71454,-0.09889582333174933,0.5808929428708447,0.03144503120499007,0.12969728093963723,-0.250892101517327,0.2825075695212468,-0.005040806529056213,-0.0028804608737426,-0.005760921747478538,0.060729716754693186,2.2969275084012817,-0.41934709553527383,-0.041630999999999974,0.11403299999999998,-0.9268679999999999,0.15947200000000006,-0.069851,-0.8731049999999999,0.20110300000000003,0.183884,0.053763000000000005,0.9863684389202942,0.0,single,-0.8731049999999999
627,2.6125,walk,1.59366,0.125031,0.966374,0.023698,0.010098,-0.714901,-0.06575473962080584,0.5886729061675328,0.0074394048476133096,0.012979822833415141,-0.43801541372246927,0.2628968388160455,-0.006239500839952652,0.004319654427650306,-0.006239500839934335,0.05351571874252326,2.2990160787138074,-0.40148788096954263,-0.04138300000000017,0.111598,-0.926925,0.15996900000000003,-0.062724,-0.874809,0.2013520000000002,0.174322,0.05211600000000005,0.9836257183501391,0.0,single,-0.874809
628,2.616667,walk,1.593346,0.126959,0.966124,0.024488,0.008231,-0.71462,-0.07535397168229623,0.4626829853611394,-0.05999520038395902,-0.9009685206401781,0.35325456860117627,-0.21675211733362634,0.0007199424046549332,0.01631869450443499,-0.008879289656825802,0.058795296376245205,2.3090952723780704,-0.40556755459560695,-0.041065999999999825,0.109738,-0.926712,0.160528,-0.05502999999999998,-0.876249,0.20159399999999983,0.16476799999999997,0.050463000000000036,0.969013448606922,0.0,single,-0.876249
629,2.620833,walk,1.593108,0.129923,0.966611,0.024742,0.010788,-0.715476,-0.05712914066249495,0.711473835813716,0.11689870379260726,0.7778112642666667,-0.9388150264525001,0.6316068222336855,-0.0048007681229309835,-0.00984157465194056,-0.008641382621219473,0.08809409505520792,2.319491118578907,-0.405904944791155,-0.040847999999999995,0.106733,-0.927235,0.16113299999999997,-0.04833100000000001,-0.878427,0.20198099999999997,0.155064,0.048808000000000074,0.9767514958780986,0.011920000000000042,single,-0.878427
630,2.625,walk,1.592815,0.132234,0.966746,0.024581,0.01077,-0.715955,-0.07031437484998562,0.5545956323494325,0.032397408207343985,0.039513347225158715,0.06449061597783359,0.32801081643913954,-0.003119750419976326,-0.004799616030715901,-0.00623950083993267,0.04967602591794521,2.3237341012720036,-0.3988480921526452,-0.04056800000000016,0.10440200000000002,-0.927396,0.16163299999999992,-0.040958999999999995,-0.880224,0.20220100000000008,0.14536100000000002,0.04717199999999999,0.9858873060040134,0.028280000000000027,single,-0.880224
631,2.629167,walk,1.592498,0.134557,0.966881,0.024871,0.010774,-0.716308,-0.07607391408690597,0.5574754019678727,0.032397408207343985,-0.10195323864477115,-0.09875582020340966,0.24491962404853948,0.004559635229179773,0.0033597312214991323,-0.005999520038398207,0.04463642908567986,2.377249820014507,-0.365970722342229,-0.040232000000000046,0.10209299999999999,-0.927556,0.16213600000000006,-0.03337600000000002,-0.881884,0.2023680000000001,0.135469,0.045672000000000046,0.9862490093291192,0.043279999999999985,single,-0.881884
632,2.633333,walk,1.592135,0.136793,0.96701,0.025264,0.010358,-0.716708,-0.0871339414306004,0.5367258761401649,0.030964954392712966,-0.2816789538792597,0.0067133825699695225,0.2709821866508725,-0.007201152184343176,-0.0004800768122904334,-0.008401344215074257,0.054968795007207985,2.307489198271663,-0.3804608737397887,-0.03989900000000013,0.099855,-0.92772,0.16272799999999998,-0.025998999999999994,-0.883598,0.2026270000000001,0.125854,0.044121999999999995,0.981540611305721,0.05878,single,-0.883598
633,2.6375,walk,1.591874,0.139137,0.967116,0.025144,0.010104,-0.717027,-0.06263498920087614,0.5625149988000648,0.025437964962786903,-0.05270556433807243,0.1285081284999836,0.21428564869758449,0.002639788816890467,0.003359731221505435,-0.0076793856491469544,0.04559635229179287,2.351091912646845,-0.3664506839452622,-0.03962700000000008,0.097525,-0.927858,0.16317899999999996,-0.018546000000000007,-0.885231,0.20280600000000004,0.11607100000000001,0.04262699999999997,0.9853533049967216,0.07373000000000002,single,-0.885231
634,2.641667,walk,1.591566,0.141468,0.967197,0.025455,0.009732,-0.717328,-0.07391408687304753,0.5593952483801551,0.019438444924406394,-0.2372634050605012,0.0194311533611012,0.20337741388140973,0.013198944084507027,0.0059995200383965415,-0.005999520038398207,0.077993760499195,2.3837293016559755,-0.36261099112072653,-0.039263999999999966,0.095219,-0.927964,0.16381200000000007,-0.01094400000000001,-0.8868229999999999,0.20307600000000003,0.10616300000000001,0.041141000000000094,0.9738486984428326,0.08859,single,-0.8868229999999999
635,2.645833,walk,1.591273,0.143888,0.967255,0.025742,0.009806,-0.717449,-0.07033125300050186,0.580892942870838,0.013922227556409242,-0.07266789474754304,-0.12272477220411361,0.08684000026836823,0.0024003840614121924,0.006481036965914188,-0.004320691310608904,0.07825252040322071,2.3869419107056498,-0.3626980316850593,-0.03896100000000002,0.09282600000000002,-0.92804,0.164431,-0.0034199999999999786,-0.888392,0.20339200000000002,0.096246,0.03964800000000002,0.98641548500054,0.10352,single,-0.888392
636,2.65,walk,1.590919,0.145552,0.967037,0.027556,0.007778,-0.716962,-0.0849532037436961,0.3993280537557175,-0.05231581473480931,-1.2964188992000054,0.04901574328176583,-0.35400513182193866,0.006239500839952652,0.0033597312214991323,-0.010799136069114108,0.0926325893928522,2.405087592992671,-0.36165106791458534,-0.038580999999999976,0.09117600000000001,-0.927867,0.16517099999999996,0.004938000000000026,-0.889681,0.20375199999999993,0.08623799999999998,0.03818599999999994,0.9784722075981014,0.11814000000000013,single,-0.889681
637,2.654167,walk,1.590691,0.148648,0.967321,0.026404,0.009565,-0.717827,-0.054715622750151446,0.742980561555034,0.06815454763617318,0.9853297340662451,-0.1927869816966855,0.6161445882801546,-0.011999040076818446,-0.013198944084472317,-0.017278617710582728,0.08519318454525644,2.3892488600910453,-0.34557235421164123,-0.03840300000000019,0.08802499999999999,-0.928223,0.16575399999999996,0.011798000000000003,-0.891405,0.20415700000000014,0.07622699999999999,0.03681800000000002,0.9586095919022768,0.13182000000000005,single,-0.891405
638,2.658333,walk,1.590429,0.150969,0.967353,0.026721,0.009373,-0.718013,-0.06289006240998685,0.5571291406625477,0.007681228996647753,-0.1754352155841,-0.04368544427387165,0.12749556816771465,0.019203072491619382,0.02496399423907855,0.010081613058090182,0.08881421027364637,2.4140662506002832,-0.2928468554969024,-0.03806100000000012,0.085808,-0.9282130000000001,0.16638599999999992,0.019533999999999996,-0.892657,0.20444700000000005,0.066274,0.03555600000000003,0.9448840131243366,0.14444000000000007,single,-0.892657
639,2.6625,walk,1.590191,0.153467,0.96731,0.026305,0.009481,-0.718274,-0.057115430765579074,0.5994720422365846,-0.010319174466045748,0.17163127030925074,0.10951199677350035,0.17825367160700276,0.011759059275249041,0.011279097672190158,-0.00767938564914862,0.07247420206383635,2.3669306455482144,-0.2980561555075396,-0.037773999999999974,0.08335700000000001,-0.928202,0.16692600000000013,0.026899000000000006,-0.893856,0.2047000000000001,0.05645800000000001,0.03434599999999999,0.9699784113194274,0.15653999999999996,single,-0.893856
640,2.666667,walk,1.589844,0.154969,0.966985,0.02837,0.006954,-0.717632,-0.08327333813292322,0.3604511639069047,-0.07799376049916835,-1.5495603190018903,0.1259598985925816,-0.46615565140720433,-0.0035997120230086173,0.016318694504436727,0.018958483321335803,0.11495080393566548,2.38780897528209,-0.3110151187905123,-0.037441999999999975,0.081923,-0.927798,0.1677519999999999,0.03534700000000002,-0.894827,0.20519399999999988,0.04657599999999998,0.03297099999999997,0.9578797420465621,0.17029,single,-0.894827
641,2.670833,walk,1.589653,0.158064,0.967297,0.027177,0.009043,-0.718599,-0.045847335573703074,0.7429188670187061,0.07489198271722766,1.1017047863746328,-0.2768885820167133,0.6913593982116335,-0.003840614498323467,0.0002400384061452167,0.0014402304368696345,0.08353336533845546,2.456313010081544,-0.2409985597695577,-0.03726699999999994,0.07882899999999998,-0.9281039999999999,0.16829099999999997,0.042484999999999995,-0.8961429999999999,0.2055579999999999,0.03634399999999999,0.03196100000000002,0.993152007213699,0.18039000000000005,single,-0.8961429999999999
642,2.675,walk,1.58942,0.16048,0.967212,0.027393,0.009177,-0.718753,-0.05591552675784458,0.5797936165107059,-0.020398368130550903,-0.028704003998283583,-0.11791565627336974,0.11080143855702089,-0.00287976961846018,0.011759059275263616,-0.012239020878329211,0.0614350851931955,2.3940484761220158,-0.28893688504920845,-0.037046000000000134,0.076462,-0.92807,0.16877999999999993,0.05004499999999998,-0.897262,0.20582600000000006,0.026417000000000024,0.030807999999999947,0.9713080450612435,0.1919200000000001,single,-0.897262
643,2.679167,walk,1.589145,0.162744,0.967203,0.027415,0.008741,-0.718932,-0.06599472042236824,0.5433165346771899,-0.0021598272138049403,-0.16091188298905815,0.13933468563930665,0.11629191142152866,-0.004799616030695407,0.0033597312214987745,-0.0031197504199676675,0.03839692824572311,2.4002879769616996,-0.2207823374129945,-0.03679100000000002,0.074212,-0.9280740000000001,0.1692149999999999,0.057783,-0.898173,0.2060059999999999,0.016429,0.029901000000000066,0.9889374316567446,0.20099000000000006,single,-0.898173
644,2.683333,walk,1.588935,0.165122,0.967113,0.027517,0.008743,-0.719152,-0.05040806529045553,0.5708113298127523,-0.021603456553056177,-0.037293745348659826,-0.03394945055340502,0.15302075334231996,0.008401344215075922,-0.0004800768122904334,-0.010321651464232659,0.048247719635168565,2.3972635621698806,-0.22875660105616163,-0.03654599999999997,0.07183200000000001,-0.928027,0.16962600000000005,0.065392,-0.899036,0.20617200000000002,0.006440000000000001,0.0289910000000001,0.9778045583186432,0.21009000000000005,single,-0.899036
645,2.6875,walk,1.588702,0.16729,0.967152,0.028651,0.009295,-0.718868,-0.05591552675784458,0.5202783777298061,0.009359251259902335,-0.18294598087265634,-0.5780874334162607,-0.17563126211946334,0.007679385649156099,-0.0043196544276436445,-0.015118790496761082,0.03815694744421106,2.3892488600913,-0.20350371970243347,-0.03628100000000001,0.06964600000000001,-0.928129,0.170018,0.07318,-0.899923,0.206299,0.0035339999999999816,0.028205999999999953,0.9708352284231053,0.21794000000000008,single,-0.899923
646,2.691667,walk,1.588467,0.169464,0.966967,0.028859,0.008785,-0.718798,-0.056395488360930154,0.5217182625390229,-0.04439644828413707,-0.2440087362988772,0.09758657425311862,-0.05577129635899036,0.007679385649156099,-0.006959443244541054,-0.01535877129829721,0.02327813774898444,2.364530837533112,-0.20830333573314935,-0.03601399999999999,0.067443,-0.928008,0.17035,0.08085900000000001,-0.900606,0.206364,0.013416000000000011,0.027402000000000037,0.9691194654076278,0.22598000000000001,single,-0.900606
647,2.695833,walk,1.588186,0.171566,0.96683,0.029087,0.007891,-0.718761,-0.0674507921267326,0.5045607297167392,-0.0328852616418747,-0.3838287018606581,0.21907331378163378,-0.03914301584608538,0.007201152184343176,-0.005520883341333322,-0.016562650024003294,0.00864138262120115,2.4126260201631546,-0.18867018722995377,-0.03570300000000004,0.06531800000000001,-0.92794,0.1706669999999999,0.088808,-0.9012549999999999,0.20636999999999994,0.023489999999999983,0.02668500000000007,0.9685243426743999,0.23315000000000008,single,-0.9012549999999999
648,2.7,walk,1.588015,0.173506,0.966592,0.029335,0.006689,-0.718665,-0.04103671706266687,0.4655627549795726,-0.05711543076552579,-0.495554398179655,0.3142181344866451,-0.0849124356555258,0.010319174466045748,0.0,-0.014158867290616727,0.0016798656107727,2.386369090472619,-0.16990640748739072,-0.03548899999999988,0.06337800000000002,-0.9277610000000001,0.17084500000000014,0.09681200000000001,-0.901725,0.20633400000000002,0.03343399999999999,0.02603600000000006,0.970799596434772,0.23964000000000008,single,-0.901725
649,2.704167,walk,1.587791,0.17566,0.96649,0.029001,0.006011,-0.718404,-0.05375569954403941,0.516918646508307,-0.024478041756671745,-0.11759029181619443,0.3385271528354308,-0.19518472458106978,0.006959443244501089,0.0019198464122823639,-0.007679385649147773,0.0047996160306959185,2.4264458843293597,-0.1317494600432011,-0.035236000000000045,0.06123199999999998,-0.9276909999999999,0.17108900000000005,0.10476899999999997,-0.902172,0.2063250000000001,0.04353699999999999,0.02551899999999996,0.9824332523350601,0.24481000000000003,single,-0.902172
650,2.708333,walk,1.5876,0.177896,0.966375,0.028659,0.005417,-0.718317,-0.045847335573703074,0.5367258761401649,-0.027604416706666607,-0.08898690222591749,0.315244193386318,-0.07390375124251819,0.005040806529056213,0.0033605376860330336,-0.0004800768122904334,0.0009601536245542171,2.380220835333597,-0.14210273643782503,-0.035023999999999944,0.05901000000000001,-0.927578,0.171284,0.11244900000000002,-0.902649,0.20630799999999994,0.053439000000000014,0.02492899999999998,0.9898711882691662,0.25070999999999993,single,-0.902649
651,2.7125,walk,1.587431,0.180183,0.966227,0.028144,0.004948,-0.718458,-0.04055675545953238,0.5488360931125787,-0.035517158627320314,0.008090404371880869,0.3356480744095675,0.08364519908494052,0.007199424046070521,0.007679385649149438,0.0004799616030722562,-0.019678425725922537,2.3657307415407796,-0.11063114950804515,-0.034825000000000106,0.056755,-0.9274279999999999,0.17137099999999994,0.12001999999999999,-0.9029619999999999,0.20619600000000005,0.06326499999999999,0.024465999999999988,0.9824378062554243,0.25534,single,-0.9029619999999999
652,2.716667,walk,1.587224,0.182633,0.96605,0.027698,0.004992,-0.71879,-0.04967602591793992,0.5879529637628583,-0.04247660187184352,0.15876406780569566,0.14283111839741494,0.22446758359287006,0.00383969282457764,0.016798656107507193,0.01103911687064906,-0.03887688984880864,2.354931605471423,-0.10751139908806735,-0.03460200000000002,0.05437500000000001,-0.927205,0.171416,0.12738300000000002,-0.903233,0.20601800000000003,0.07300800000000002,0.023971999999999993,0.9658923196459095,0.26028,single,-0.903233
653,2.720833,walk,1.58699,0.184963,0.965955,0.027578,0.004698,-0.719231,-0.05616898703794672,0.5592894863178548,-0.022803648583764703,-0.06848707353160711,0.1442379677266276,0.2990755228966709,0.009121459433505882,0.012481997119539274,0.00816130580892991,-0.03264522323569965,2.3437349975998005,-0.07105136821892176,-0.03432999999999997,0.052097000000000004,-0.927076,0.17151400000000017,0.13481700000000002,-0.9034340000000001,0.20584400000000014,0.08272000000000002,0.02364199999999994,0.9708639118962529,0.26358000000000004,single,-0.9034340000000001
654,2.725,walk,1.586803,0.187565,0.965887,0.027272,0.005201,-0.719807,-0.04487640988719122,0.6244300455963193,-0.016318694504428327,0.2665125362575783,-0.055665458335594775,0.4022465820632881,0.007919366450724687,0.009839212862973542,-0.003599712023036542,-0.0009599232061710533,2.2704583633307944,-0.07967362610990444,-0.03410999999999986,0.049536,-0.927023,0.171697,0.141676,-0.903698,0.20580699999999985,0.09214,0.02332500000000004,0.9781111138428298,0.26675000000000004,single,-0.903698
655,2.729167,walk,1.58663,0.190122,0.965897,0.027078,0.006032,-0.720375,-0.041516678665703535,0.6136309095272667,0.0023998080153479593,0.3425506548342426,-0.20366100389429673,0.4039423549791079,0.017278617710547936,-0.002159827213825153,-0.012479001679867005,-0.05591552675784458,2.3110151187905954,-0.022558195344374393,-0.033865000000000034,0.046969999999999984,-0.927085,0.17163700000000004,0.14874899999999996,-0.903802,0.20550200000000007,0.10177899999999998,0.023283000000000054,0.9642951541373597,0.26717,single,-0.903802
656,2.733333,walk,1.58646,0.192302,0.965696,0.027218,0.005632,-0.720589,-0.040806529044646864,0.5232837253960461,-0.04824771963514192,-0.18845779590451758,0.0867964415720884,0.14340715701004245,0.0057609217474852,0.015122419587135326,0.009601536245798674,-0.05784925588092393,2.3149303888621646,-0.023523763802207918,-0.033671000000000006,0.044853000000000004,-0.926844,0.1715660000000001,0.15621300000000002,-0.903699,0.2052370000000001,0.11136000000000001,0.02314499999999997,0.9686389620783027,0.26855,single,-0.903699
657,2.7375,walk,1.586273,0.1946,0.965628,0.027086,0.005729,-0.720923,-0.044876409887196,0.5514758819294695,-0.016318694504430065,0.07205689772332775,0.016834510486874663,0.23131390278735212,-0.019438444924406394,-0.03719702423806655,-0.076073914086876,-0.07247420206384407,2.3503719702424806,-0.054715622750182255,-0.03356500000000007,0.04239999999999999,-0.9270930000000001,0.17145100000000002,0.163709,-0.9038590000000001,0.2050160000000001,0.121309,0.023233999999999977,0.8551944583842804,0.26766,single,-0.9038590000000001
658,2.741667,walk,1.586093,0.196917,0.96541,0.027447,0.005386,-0.721316,-0.04319654427647181,0.5560355171585967,-0.052315814734830386,-0.24521725034789682,-0.006962250974375243,0.2708363600240304,0.03455723542114548,0.03671706263499038,0.04775617950563611,-0.045836333093362276,2.307655387568857,-0.015358771298293909,-0.033241000000000076,0.040235999999999994,-0.9266759999999999,0.17144000000000004,0.171008,-0.903705,0.2046810000000001,0.130772,0.022970999999999964,0.8842536550916807,0.2702899999999999,single,-0.903705
659,2.745833,walk,1.585956,0.199537,0.965392,0.026559,0.006025,-0.72193,-0.0328852616418747,0.6289006240998348,-0.004320691310600575,0.5066618330409769,0.1017168020829024,0.4262885150253402,0.008401344215075922,0.017762842054726048,0.00960153624580034,0.012722035525703147,2.232837253960567,0.03312530004800659,-0.033069000000000015,0.03769,-0.926618,0.17163000000000017,0.17769,-0.903549,0.2046990000000002,0.13999999999999999,0.023069000000000006,0.9635502385025044,0.26931000000000005,single,-0.903549
660,2.75,walk,1.585776,0.202189,0.965328,0.02605,0.006786,-0.722457,-0.043196544276423124,0.6364290856731789,-0.015358771298312198,0.42422012747779425,-0.0710154591145313,0.37247901722166,0.006479481641468798,0.008159347252221694,0.0014398848092151033,-0.049436045116429066,2.256779457643497,0.03959683225342117,-0.03286200000000017,0.03507199999999999,-0.9265479999999999,0.17160399999999987,0.184442,-0.90332,0.20446600000000004,0.14937,0.023227999999999915,0.9824697168220029,0.26772,single,-0.90332
661,2.754167,walk,1.585584,0.204701,0.965209,0.025848,0.006914,-0.723043,-0.04607631389488331,0.6028317734581476,-0.028557715382765938,0.10186976443078766,0.03294855300547874,0.4070549383721019,0.0038396928245780495,0.0019198464122890248,-0.003599712023038591,-0.056395488360930154,2.230141588673007,-0.0011999040076789752,-0.03265400000000018,0.032568000000000014,-0.9264439999999999,0.17156099999999985,0.191223,-0.903206,0.20421500000000004,0.158655,0.02323799999999998,0.9906626529638136,0.26761999999999997,single,-0.903206
662,2.758333,walk,1.585465,0.20684,0.965046,0.0259,0.00615,-0.723356,-0.028564570331300772,0.5134421507441055,-0.03912626020163701,-0.2874886338061942,0.23794049705903322,0.20653766952211627,0.006721075372092717,-0.00072011521843565,-0.003120499279884486,-0.08953432549206589,2.285405664906323,0.014642342774843227,-0.03250699999999984,0.03042600000000001,-0.926294,0.1713070000000001,0.198605,-0.902982,0.20381399999999994,0.168179,0.023312,0.9875915647148878,0.26688,single,-0.902982
663,2.7625,walk,1.585289,0.209133,0.964817,0.025867,0.005762,-0.723735,-0.04223662107030075,0.5502759779217369,-0.05495560355169421,-0.12977069874070496,0.14349945835626002,0.25687779641872216,0.005039596832264814,0.006479481641468107,-0.0011999040076805126,-0.06959443244537648,2.255819534437112,0.011279097672185162,-0.03230999999999984,0.02815999999999999,-0.9260700000000001,0.17119300000000015,0.205712,-0.902706,0.203503,0.17755200000000002,0.02336400000000005,0.9861735972982502,0.26636,single,-0.902706
664,2.766667,walk,1.585124,0.211431,0.964629,0.025609,0.005264,-0.724224,-0.03959683225341451,0.5514758819294695,-0.04511639068876544,-0.09514584171208543,0.25913241957656047,0.3297083886791362,-0.0014398848092567335,-0.0007199424046083842,-0.0028797696184302067,-0.06359491240705396,2.234461243100644,0.014638828893688827,-0.03215100000000004,0.025858999999999993,-0.925894,0.17109299999999994,0.21272499999999997,-0.902457,0.20324399999999998,0.18686599999999998,0.02343700000000004,0.9945013490580984,0.26563000000000003,single,-0.902457
665,2.770833,walk,1.585013,0.214127,0.964512,0.024769,0.005652,-0.724702,-0.02664426308208574,0.6471435429668579,-0.028084493518943716,0.4057182781722127,0.16837457802826578,0.3305154868808666,0.0057609217474852,0.008401344215075922,-0.0004800768122904334,-0.05088814210270599,2.204032645223181,0.027604416706673268,-0.032016000000000044,0.023197999999999996,-0.925779,0.17099200000000003,0.219211,-0.902225,0.20300800000000008,0.196013,0.023553999999999964,0.9830031638772145,0.2644599999999999,single,-0.902225
666,2.775,walk,1.584889,0.216527,0.964366,0.024356,0.005342,-0.725203,-0.029757619390453238,0.575953923686128,-0.03503719702426138,0.021246866582472226,0.2506804204514888,0.34040762375949396,0.0035997120230619037,0.0026397888168907483,-0.0021598272138218222,-0.0703143748500389,2.2342212622991147,0.030237580993522164,-0.03187699999999993,0.020808999999999994,-0.925642,0.17082299999999995,0.226121,-0.9019529999999999,0.20269999999999988,0.205312,0.02368900000000007,0.9917350698664775,0.26310999999999996,single,-0.9019529999999999
667,2.779167,walk,1.584685,0.218955,0.964136,0.024091,0.00527,-0.725632,-0.04895608351333827,0.5826733861290774,-0.05519558435323697,0.0561776714493134,0.11989583711189201,0.29571142543388607,0.004559635229179287,0.00479961603072205,-0.0016798656107510524,-0.052315814734777095,2.19294456443472,0.045356371490278415,-0.03165399999999985,0.018401,-0.925419,0.1708090000000002,0.232831,-0.901534,0.20246300000000006,0.21443,0.023885000000000045,0.9886167110865043,0.26115,single,-0.901534
668,2.783333,walk,1.584622,0.221467,0.963981,0.023628,0.005047,-0.726091,-0.01512241958711695,0.6029764762362423,-0.03720595295247924,0.06859934216973626,0.23903421600454672,0.31280130792641725,-0.0028804608737695568,-0.0014402304368714535,-0.011761881901105211,-0.06216994719155779,2.18482957273181,0.06048967834853776,-0.03160300000000005,0.015883000000000008,-0.9253129999999999,0.17061300000000013,0.23942100000000002,-0.901127,0.20221600000000017,0.22353800000000001,0.02418599999999993,0.9796753307795022,0.2581400000000001,single,-0.901127
669,2.7875,walk,1.584427,0.223869,0.963713,0.023493,0.004758,-0.726629,-0.046796256299480046,0.5764338852891454,-0.06431485481159555,-0.06387796780870346,0.1471015954815172,0.37069460161556683,0.013678905687537862,0.0016798656107527175,0.003119750419966002,-0.0415166786657524,2.1528677705782244,0.07271418286536913,-0.03135100000000013,0.013488,-0.9250320000000001,0.17063499999999987,0.24599000000000001,-0.900556,0.201986,0.23250200000000001,0.024476000000000053,0.9764493894888273,0.25523999999999997,single,-0.900556
670,2.791667,walk,1.584364,0.226382,0.963525,0.023285,0.004543,-0.727117,-0.015118790496742765,0.6030717542596837,-0.04511639068876544,-0.013278868426271,0.14773603142119734,0.33603698657621667,0.010799136069132425,0.006959443244541054,0.0009599232061428472,-0.0590352771778209,2.1322294216463598,0.10463162946964527,-0.031243000000000132,0.011004000000000014,-0.92484,0.17045199999999983,0.252362,-0.899932,0.20169499999999996,0.241358,0.02490800000000004,0.9785280129085905,0.25092000000000003,single,-0.899932
671,2.795833,walk,1.584191,0.228863,0.963284,0.022885,0.004364,-0.727541,-0.04152664426312915,0.5955352856456897,-0.05784925588092393,0.063481592403682,0.20237936295839548,0.2903760160014671,0.007201152184343176,0.008161305808924043,-0.003120499279884486,-0.056889102256316416,2.102736437829993,0.13538166106576896,-0.031039999999999957,0.008556999999999981,-0.924612,0.1703880000000002,0.258641,-0.899127,0.20142800000000016,0.250084,0.02548499999999998,0.9811290183788407,0.24514999999999992,single,-0.899127
672,2.8,walk,1.584091,0.23134,0.963058,0.022751,0.004141,-0.727961,-0.023998080153586166,0.5944324454043898,-0.05423566114712498,-0.03947277681190861,0.12387347064219802,0.2893460585051269,0.006239500839952652,0.0033597312215057932,0.0004799616030722562,-0.06407487401008626,2.0717542596593224,0.1715862730981584,-0.030913999999999886,0.006094000000000016,-0.924384,0.17022100000000018,0.264797,-0.8981859999999999,0.20113500000000006,0.258703,0.026198000000000055,0.9881620281681557,0.23802,single,-0.8981859999999999
673,2.804167,walk,1.583992,0.233888,0.962798,0.022562,0.003989,-0.728502,-0.0237580993520142,0.6114710823133831,-0.06239500839930672,0.0017627113327767358,0.12080225737365188,0.3754467041859344,0.0035997120230082335,0.004559635229179287,-0.0002399808015361025,-0.06767458603314094,2.0710343172544867,0.18094552435804145,-0.03080000000000016,0.003564999999999985,-0.9241250000000001,0.1700379999999999,0.270879,-0.8971720000000001,0.20083800000000007,0.26731399999999994,0.026953000000000005,0.9903095420849986,0.23046999999999995,single,-0.8971720000000001
674,2.808333,walk,1.583868,0.23639,0.962574,0.022314,0.003679,-0.728955,-0.02976476236198022,0.6005760921747259,-0.05376860297647524,-0.03288345891817714,0.19263130780691162,0.31108939143255754,0.0031204992798944792,0.0033605376860330336,0.001200192030724418,-0.06240998559767639,2.0254440710513264,0.21459433509360717,-0.030663000000000107,0.0010770000000000224,-0.923896,0.169902,0.27681500000000003,-0.896054,0.2005650000000001,0.27573800000000004,0.027842000000000033,0.9920993688357469,0.22158000000000005,single,-0.896054
675,2.8125,walk,1.583793,0.238839,0.962235,0.022393,0.003269,-0.729434,-0.017998560115202945,0.5877129829613915,-0.08135349172068747,-0.17570773475300835,0.1112253669163043,0.33154913189024054,0.003119750419976326,0.0038396928245713886,-0.003359731221502463,-0.05543556515481229,1.9868010559155995,0.22918166546677252,-0.03057500000000002,-0.001355999999999996,-0.9235709999999999,0.16974599999999995,0.2826449999999999,-0.89476,0.20032099999999997,0.28400099999999995,0.02881099999999992,0.9900328487365935,0.21189000000000008,single,-0.89476
676,2.816667,walk,1.58365,0.241409,0.961984,0.021843,0.003097,-0.729785,-0.03431725461963301,0.6167506599472364,-0.060235181185508205,0.1158714070765414,0.2522074682042337,0.23917692073924726,0.006479481641468798,0.0038396928245713886,-0.0014398848092151033,-0.07031437484998562,1.9575233981282585,0.2651787856971584,-0.030405000000000015,-0.003910000000000025,-0.923326,0.16959600000000008,0.28823200000000004,-0.893404,0.2000010000000001,0.292142,0.029922000000000004,0.9872197861701721,0.20077999999999996,single,-0.893404
677,2.820833,walk,1.583562,0.243986,0.961702,0.021423,0.002857,-0.730249,-0.021123379740779068,0.6185789726356038,-0.06769083053288448,0.04796091021594668,0.23002991658584732,0.3188410611030216,0.005040806529056213,0.004080652904468684,-0.0019203072491600678,-0.06120979356699694,1.9378300528083956,0.28564570331252137,-0.03029599999999988,-0.0064700000000000035,-0.923052,0.16942900000000005,0.293728,-0.891932,0.19972499999999993,0.300198,0.031120000000000037,0.9887269940761494,0.18880000000000002,single,-0.891932
678,2.825,walk,1.583504,0.246468,0.961422,0.021305,0.002421,-0.730698,-0.013918886489053981,0.5956323494120069,-0.06719462443002877,-0.11964114949995011,0.1882165224373108,0.3093159712749561,0.004559635229179287,0.004559635229179287,0.00095992320614441,-0.05831533477321296,1.898248140148666,0.2879769618430366,-0.030218999999999996,-0.008932999999999996,-0.922768,0.16924399999999995,0.299156,-0.890452,0.19946299999999995,0.308089,0.03231600000000001,0.9891344070816739,0.17684,single,-0.890452
679,2.829167,walk,1.583428,0.249056,0.961099,0.021089,0.002068,-0.731049,-0.01823854091671909,0.62107031437488,-0.07751379889608279,-0.057228595916081273,0.19452478147886845,0.24065701611496215,0.004559635229179773,0.004799616030715901,-0.003839692824574719,-0.09551235901125908,1.8886489080874498,0.294936405087605,-0.03012400000000004,-0.011501000000000011,-0.9224610000000001,0.16892200000000002,0.30443800000000004,-0.8889,0.19904600000000006,0.3159390000000001,0.03356100000000006,0.9872448454370865,0.16439000000000004,single,-0.8889
680,2.833333,walk,1.583366,0.251579,0.960816,0.020787,0.001594,-0.731568,-0.01488238118099011,0.6056168987037754,-0.06793086893903635,-0.0735200623347676,0.2658947940155904,0.35705083127406867,0.005040806529056213,0.003840614498323467,0.001200192030724418,-0.07993278924631052,1.8449351896302832,0.28396543446950817,-0.030040999999999984,-0.014007999999999993,-0.922173,0.16865099999999988,0.309601,-0.8874340000000001,0.19869199999999987,0.32360900000000004,0.034738999999999964,0.9892502569670606,0.15260999999999997,single,-0.8874340000000001
681,2.8375,walk,1.583286,0.25418,0.960469,0.020476,0.001214,-0.731894,-0.01919846412289025,0.6241900647948497,-0.08327333813294986,-0.03535017386049824,0.23647855578364022,0.22245371998687652,0.003119750419976326,0.003119750419963004,-0.0019198464122856943,-0.04655627549796888,1.7945764338853674,0.30261579073675443,-0.029947999999999864,-0.016596000000000027,-0.921834,0.16853699999999994,0.314478,-0.885826,0.1984849999999998,0.331074,0.03600800000000004,0.9919806664843698,0.13992000000000004,single,-0.885826
682,2.841667,walk,1.583264,0.256763,0.960123,0.020345,0.00098,-0.732269,-0.005279577633780934,0.6198704103671333,-0.08303335733142486,-0.04351472854413788,0.12596683522570937,0.26052770234100486,0.0,0.003119750419969333,-0.0021598272138232573,-0.07199424046075083,1.7907367410605985,0.32541396688262864,-0.029925999999999897,-0.019166000000000016,-0.9214969999999999,0.16825899999999994,0.31935699999999995,-0.8841239999999999,0.19818499999999983,0.33852299999999996,0.03737299999999999,0.9936759506036106,0.12627000000000005,single,-0.8841239999999999
683,2.845833,walk,1.583149,0.259173,0.959897,0.01968,7e-06,-0.732934,-0.027604416706696198,0.5784925588094476,-0.05424867978875813,-0.1318467703689127,0.5579156862191799,0.4528028473715256,0.002880460873716258,0.003840614498317214,0.00048007681229048457,-0.05088814210271141,1.730436869899326,0.3610177628420846,-0.02979899999999991,-0.021559999999999996,-0.921269,0.16816200000000014,0.324156,-0.882394,0.19796100000000005,0.345716,0.03887499999999999,0.9919588129131961,0.11125000000000002,single,-0.882394
684,2.85,walk,1.583163,0.261857,0.95955,0.019409,-0.00013,-0.733245,0.0033597312215454,0.6441084713222597,-0.08327333813294098,0.037165609461591476,0.14298309225808215,0.21524343105848973,0.006479481641468107,0.009119270458365235,0.0038396928245726446,-0.0827933765298821,1.7158627309814145,0.3095752339812625,-0.02978600000000009,-0.024206000000000005,-0.920906,0.16780299999999992,0.32862199999999997,-0.880757,0.19758900000000001,0.352828,0.04014899999999999,0.9802876225416329,0.09850999999999999,single,-0.880757
685,2.854167,walk,1.583145,0.264378,0.959225,0.01912,-0.000783,-0.733682,-0.004319654427663628,0.6049916006719728,-0.07799376049916835,-0.13983564223862924,0.3188319300883552,0.30010607342108037,0.0026397888168907483,0.007679385649149438,0.0007199424046083842,-0.07823374130071115,1.6829853611711945,0.3371730261579236,-0.029757000000000033,-0.026694999999999997,-0.920578,0.16749499999999995,0.333114,-0.879027,0.19725199999999998,0.35980900000000005,0.041551000000000005,0.9864128567702878,0.08448999999999995,single,-0.879027
686,2.858333,walk,1.583185,0.267023,0.958849,0.019085,-0.001086,-0.734045,0.009601536245808668,0.6349015842534652,-0.09025444071052152,-0.09877284414375732,0.11460928784839435,0.25364426129164325,0.005040806529056213,0.005520883341333322,-0.0002400384061452167,-0.041766682669201076,1.5328852616418214,0.286365818530957,-0.029776000000000025,-0.02931700000000001,-0.920203,0.167281,0.336855,-0.877458,0.19705700000000004,0.36617200000000005,0.04274500000000003,0.9875336562242782,0.07254999999999995,single,-0.877458
687,2.8625,walk,1.583184,0.26962,0.958502,0.018803,-0.001511,-0.734366,-0.0002399808015694321,0.6232301415887052,-0.08327333813294986,-0.06079194807065331,0.24093997122884228,0.21998019874705765,0.0035997120230086173,0.007919366450685566,0.0009599232061428472,-0.0820734341252892,1.6023518118551088,0.34101271898249497,-0.02976000000000001,-0.03188100000000002,-0.919852,0.1669400000000001,0.34093499999999993,-0.87569,0.1967000000000001,0.3728159999999999,0.044162000000000035,0.9854135008968978,0.05838000000000004,single,-0.87569
688,2.866667,walk,1.583207,0.272246,0.958145,0.018426,-0.001807,-0.734779,0.00551955843535034,0.6301895848331658,-0.08567314614828868,0.0147864012933466,0.2333174536607669,0.2859294348249221,0.0033597312215454,0.008399328053756927,0.0,-0.05759539236861132,1.550035997120134,0.34077273818092585,-0.029768999999999934,-0.034471999999999975,-0.9194950000000001,0.16667699999999996,0.34476799999999996,-0.873913,0.1964459999999999,0.3792399999999999,0.04558200000000001,0.9849227447204172,0.04418,single,-0.873913
689,2.870833,walk,1.583231,0.274864,0.957799,0.018274,-0.002352,-0.735017,0.0057609217474852,0.628420547287551,-0.08305328852617835,-0.144828320999317,0.2333528121228047,0.16282453411216696,0.0012001920306794465,0.006000960153623755,0.0021603456553052846,-0.12602016322608553,1.5871339414306005,0.27148343734996694,-0.029788000000000148,-0.03706499999999999,-0.91914,0.16612800000000005,0.348762,-0.872436,0.1959160000000002,0.38582700000000003,0.04670399999999997,0.9891834646866883,0.032960000000000045,single,-0.872436
690,2.875,walk,1.583369,0.277486,0.95742,0.018007,-0.002767,-0.735534,0.03311735061194571,0.6292296616271017,-0.09095272378207932,-0.06383703747808982,0.23436117799681375,0.36039356538418793,0.0038396928245780495,0.006719462443004926,0.0019198464122873594,-0.10487161027118806,1.5034797216223306,0.2399808015358883,-0.029910000000000103,-0.039659,-0.918753,0.16555300000000006,0.35240499999999997,-0.8710570000000001,0.19546300000000016,0.39206399999999997,0.04769599999999996,0.9867104649821286,0.02304000000000006,single,-0.8710570000000001
691,2.879167,walk,1.583428,0.280168,0.957096,0.017957,-0.003205,-0.735717,0.014158867290624896,0.6436285097192428,-0.07775377969765221,-0.13984203144344026,0.1618679660455652,0.12553187032957774,0.004559635229179773,0.007919366450678905,0.0026397888168940785,-0.08903287736984357,1.4286057115431385,0.26181905447565595,-0.029950000000000143,-0.042307999999999985,-0.918418,0.1651229999999999,0.355676,-0.8696419999999999,0.19507300000000005,0.397984,0.04877600000000004,0.9841469312994197,0.012239999999999973,single,-0.8696419999999999
692,2.883333,walk,1.583482,0.282819,0.956725,0.017772,-0.003525,-0.736108,0.012962073931828376,0.6363418146903365,-0.08905424867976212,-0.0559380521376297,0.17337429066939378,0.273448565663303,0.0014402304369112745,0.007681228996640271,0.00072011521843565,0.031204992798838194,1.3408545367258347,0.3103696591454554,-0.02999799999999997,-0.044926999999999995,-0.9180440000000001,0.16519899999999987,0.35861099999999996,-0.867978,0.19519699999999984,0.40353799999999995,0.050066000000000055,0.9869196809695235,0.0,single,-0.867978
693,2.8875,walk,1.583568,0.285436,0.956403,0.017628,-0.004077,-0.736552,0.020638348932091495,0.6280297576193609,-0.0772738180945584,-0.15162818156739652,0.2347435690976027,0.3098837800886997,0.0021598272138049403,0.008159347252220825,0.0009599232061427448,-0.061915046796221195,1.3674106071513665,0.18190544756418253,-0.030075000000000074,-0.047510000000000024,-0.917718,0.16485499999999997,0.361692,-0.866898,0.19493000000000005,0.40920200000000007,0.05082000000000009,0.9858420366207342,0.0,single,-0.866898
694,2.891667,walk,1.5836,0.288048,0.956076,0.017426,-0.004739,-0.736937,0.007679385649102813,0.6268298536117405,-0.07847372210222729,-0.171258317818516,0.2903183736348782,0.2667142022421243,0.005039596832265351,0.010559155267576314,0.002639788816895744,-0.08159347252220361,1.3378929685625753,0.17014638828894496,-0.030085999999999835,-0.05007800000000004,-0.9173800000000001,0.16448300000000016,0.364655,-0.865862,0.194569,0.414733,0.051518000000000064,0.9800096008325683,0.0,single,-0.865862
695,2.895833,walk,1.583669,0.290645,0.955714,0.017004,-0.005221,-0.737469,0.016562650024026612,0.6233797407584948,-0.08689390302450181,-0.03722094513914505,0.3114141926690006,0.3706607166610272,0.0067210753720394175,0.010081613058092439,0.003120499279884486,-0.060249639942389424,1.2604416706672736,0.1884301488238052,-0.030127000000000015,-0.052632999999999985,-0.917005,0.16416300000000006,0.36730900000000005,-0.8647149999999999,0.19429000000000007,0.41994200000000004,0.05229000000000006,0.979146723427887,0.0,single,-0.8647149999999999
696,2.9,walk,1.583678,0.293217,0.955436,0.016758,-0.006141,-0.737808,0.00215982721380517,0.6172306215503086,-0.066714662826977,-0.24810383986249135,0.3888905149799277,0.23304423082200937,0.009599232061445124,0.012718982481401468,0.007439404847611645,-0.06935445164386775,1.2015838732901878,0.18766498680106566,-0.0300959999999999,-0.05515200000000001,-0.916696,0.16386500000000015,0.369744,-0.863655,0.19396100000000005,0.42489600000000005,0.053041000000000005,0.9706902312445937,0.0,single,-0.863655
697,2.904167,walk,1.583762,0.295858,0.955107,0.016496,-0.006581,-0.738262,0.020158387329005968,0.633789296856214,-0.07895368370527782,-0.07360291230234917,0.24039099055431914,0.3180131296851823,0.008399328053756927,0.0117590592752557,0.004559635229182618,-0.08735301175906139,1.1797456203503076,0.20494360451162505,-0.030144999999999866,-0.05774400000000002,-0.916348,0.16341700000000015,0.37201900000000004,-0.862472,0.193562,0.42976300000000006,0.053876000000000035,0.9747449421888073,0.0,single,-0.862472
698,2.908333,walk,1.583865,0.298417,0.954845,0.016387,-0.007399,-0.7387,0.02472395583297994,0.6142582813250553,-0.06289006240998685,-0.25709067231575794,0.3084246864728519,0.3068558060341875,0.012481997119525948,0.012962073931829758,0.010321651464235424,-0.04728756601056609,1.0756120979357446,0.19947191550649646,-0.03019600000000011,-0.060249,-0.916043,0.16311699999999996,0.373941,-0.8613790000000001,0.19331300000000007,0.43419,0.054663999999999935,0.9654251174319007,0.0,single,-0.8613790000000001
699,2.9125,walk,1.583999,0.301135,0.954494,0.016318,-0.007788,-0.739038,0.03215742740577113,0.6522678185744739,-0.08423326133911203,-0.11734593864954995,0.15425126517436016,0.23860394452837025,0.015118790496741155,0.012958963282936215,0.008879289656825802,-0.006239500839951987,1.0743940484760452,0.18982481401486725,-0.030267000000000044,-0.062913,-0.915655,0.16295700000000002,0.3757,-0.8602369999999999,0.19322400000000006,0.438613,0.05541800000000008,0.9636622961243859,0.0,single,-0.8602369999999999
700,2.916667,walk,1.584112,0.303757,0.954214,0.016273,-0.008105,-0.739491,0.02711783057356249,0.6292296616271017,-0.06719462443003593,-0.10012102280077927,0.12383836732571017,0.32112094644591477,0.01391888648910875,0.014878809695226619,0.008159347252220029,-0.04103671706261795,0.9853611711063694,0.15958723302136865,-0.03032199999999996,-0.065473,-0.915341,0.16267300000000007,0.377184,-0.859292,0.19299500000000003,0.442657,0.056049000000000015,0.9634209635543278,0.0,single,-0.859292
701,2.920833,walk,1.584423,0.306665,0.953726,0.01583,-0.008143,-0.739694,0.07465194431107577,0.6980316850695972,-0.11713874219875914,0.12874819325302017,0.17196123972074623,0.1391769709866652,0.011041766682666643,0.013922227556409242,0.013202112337973592,-0.022083533365333287,0.9771963514161844,0.15098415746518806,-0.03058699999999992,-0.06832300000000002,-0.914798,0.16227000000000014,0.37834699999999993,-0.8581749999999999,0.19285700000000006,0.44666999999999996,0.05662300000000009,0.9631050740543965,0.0,single,-0.8581749999999999
702,2.925,walk,1.584687,0.309583,0.953216,0.015506,-0.007975,-0.739934,0.06335493160548453,0.7002639788817158,-0.12239020878330543,0.1632634241168616,0.063601334062242,0.16767610288818474,0.011999040076819727,0.014878809695226619,0.012479001679867005,-0.0650347972162574,0.9248860091193185,0.044156467482604274,-0.030800999999999856,-0.07117899999999999,-0.9142359999999999,0.16173499999999996,0.379283,-0.8574809999999999,0.19253599999999982,0.450462,0.056755,0.9619546533858017,0.0,single,-0.8574809999999999
703,2.929167,walk,1.584918,0.312328,0.952873,0.015421,-0.008395,-0.740288,0.055435565154806375,0.658747300215942,-0.08231341492679657,-0.12330209972690806,0.16988546802594054,0.25072827418145927,0.008879289656789167,0.018958483321332115,0.010319174466042417,-0.05063594912405768,0.8521718262538408,-0.04295656347491905,-0.030995000000000106,-0.073845,-0.9138499999999999,0.1612929999999999,0.38008899999999995,-0.857317,0.19228800000000001,0.45393399999999995,0.056532999999999944,0.9611001558016897,0.0,single,-0.857317
704,2.933333,walk,1.585166,0.315151,0.952506,0.015305,-0.008694,-0.740593,0.05952952472396044,0.6776284205472738,-0.08809409505520792,-0.07010256593792805,0.1413115943981384,0.21549252821186599,0.018963034085492107,0.017762842054726048,0.014162265962552795,-0.10345655304844847,0.9467114738358019,-0.3259721555448778,-0.03116399999999997,-0.07659400000000002,-0.913424,0.16061400000000003,0.38121,-0.858308,0.191778,0.457804,0.055116000000000054,0.9506800413179759,0.0,single,-0.858308
705,2.9375,walk,1.585423,0.318007,0.952101,0.015362,-0.00849,-0.741038,0.06167506599471165,0.6853851691864891,-0.09719222462203196,0.052400984105013246,-0.08072148248212568,0.3190230461641531,0.014638828893657188,0.014878809695226619,0.014638828893688827,-0.02879769618433537,0.8356131509479587,-0.008399328053757822,-0.031360000000000054,-0.07938799999999999,-0.9129579999999999,0.16023699999999996,0.381836,-0.857938,0.19159700000000002,0.46122399999999997,0.05501999999999996,0.9575091643637765,0.0,single,-0.857938
706,2.941667,walk,1.58564,0.320766,0.951827,0.015324,-0.008737,-0.741511,0.05207583393326653,0.6621070314375179,-0.06575473962083249,-0.07755901048947669,0.0987215202153915,0.33749119622345614,0.014398848092141042,0.01727861771058124,0.013198944084473724,-0.03359731221503129,0.7350611951044344,-0.03359731221502463,-0.03151700000000002,-0.08207500000000001,-0.912629,0.15988000000000002,0.38214000000000004,-0.857804,0.19139700000000004,0.46421500000000004,0.05482500000000001,0.9565357879874453,0.0,single,-0.857804
707,2.945833,walk,1.585893,0.323634,0.951474,0.015346,-0.008681,-0.741897,0.060729716754693186,0.6884301488237886,-0.08473355736916155,0.011336299587557516,-0.021236625205567006,0.2764415143514102,0.013442150744132134,0.022083533365339948,0.013202112337975259,-0.04008641382621787,0.6992318771003033,-0.09193470955352472,-0.03171400000000002,-0.08485099999999998,-0.9122210000000001,0.15945999999999994,0.382185,-0.857834,0.19117399999999996,0.467036,0.054387000000000074,0.9516187125041965,0.0,single,-0.857834
708,2.95,walk,1.586177,0.32646,0.951134,0.015181,-0.008942,-0.742388,0.06815454763617318,0.6781857451403464,-0.08159347252219493,-0.0418164042855173,0.1486028765103163,0.34905835322609235,0.013918886489107267,0.023518118550518063,0.01103911687064906,-0.049916006719456035,0.6472282217422357,-0.1411087113030884,-0.03193999999999986,-0.08757899999999996,-0.9118350000000001,0.158968,0.38205600000000006,-0.858082,0.19090799999999986,0.469635,0.05375300000000005,0.9508771550504722,0.0,single,-0.858082
709,2.954167,walk,1.58647,0.329351,0.950767,0.015052,-0.009124,-0.742798,0.0703143748500389,0.6937844972402603,-0.08807295416367242,-0.02493131505616065,0.10940454241863076,0.29168254712901875,0.017278617710547936,0.023758099352050036,0.011039116870650236,-0.021838252939727708,0.6460283177345907,-0.08207343412527254,-0.032161000000000106,-0.090371,-0.9114220000000001,0.15858400000000006,0.38185699999999995,-0.8580570000000001,0.19074500000000016,0.472228,0.053364999999999996,0.9476958675922729,0.0,single,-0.8580570000000001
710,2.958333,walk,1.586772,0.332275,0.950388,0.014903,-0.008958,-0.743233,0.07249159865578882,0.7018722995679074,-0.09097455592895051,0.10552900430204655,0.005029057036738026,0.31041398469499654,0.0230436869899408,0.011761881901102294,0.017762842054729378,-0.03792606817093091,0.5902544407105216,-0.1461833893422904,-0.032367000000000035,-0.093246,-0.910969,0.15812399999999993,0.38139200000000006,-0.858287,0.19049099999999997,0.47463800000000006,0.05268200000000001,0.9476955511291209,0.0,single,-0.858287
711,2.9625,walk,1.587125,0.335022,0.950097,0.01501,-0.009837,-0.743752,0.08471322294212666,0.6592272618190844,-0.06983441324695333,-0.3499173448210455,0.2502531446323051,0.3723096465793568,0.025437964962789612,0.020398368130550903,0.01799856011519129,-0.01823854091671909,0.48908087353013613,-0.2682985361171248,-0.03261399999999992,-0.095908,-0.9106029999999999,0.15769500000000014,0.38068300000000005,-0.8591139999999999,0.19030900000000006,0.47659100000000004,0.05148900000000001,0.9379263061161767,0.0,single,-0.8591139999999999
712,2.966667,walk,1.587413,0.337954,0.9497,0.014888,-0.009592,-0.744149,0.06911447084234423,0.7036237101031465,-0.09527237820973279,0.12531920756712067,-0.030106481469382978,0.28415398512889084,0.025437964962786903,0.02135829133669314,0.017278617710581062,-0.04319654427647181,0.4850011999039636,-0.2229421646268161,-0.03279600000000005,-0.09875099999999998,-0.910134,0.157227,0.379772,-0.859646,0.19002300000000005,0.478523,0.05048799999999998,0.9375985821862587,0.0,single,-0.859646
713,2.970833,walk,1.587736,0.340937,0.949419,0.014592,-0.009269,-0.744696,0.0775324051848533,0.7160345655305448,-0.0674507921267398,0.20852928411521046,0.008860093163102855,0.38994037000276577,0.02112337974078132,0.01968314930388988,0.014402304368701211,-0.05976956313009204,0.4675948151704789,-0.23067690830534465,-0.03303100000000003,-0.10165199999999999,-0.909793,0.156655,0.37873700000000005,-0.860326,0.18968600000000002,0.48038900000000007,0.04946699999999993,0.9462244916000793,0.005330000000000001,single,-0.860326
714,2.975,walk,1.588072,0.343812,0.949145,0.014617,-0.009598,-0.745205,0.08063354931602387,0.6899448044156087,-0.06575473962082548,-0.12735416740435362,0.10253543730162627,0.3659616926853719,0.02039836813052209,0.021838252939765348,0.024238060955121377,-0.060475161987017904,0.42692584593229344,-0.22582193424524932,-0.033282000000000034,-0.104436,-0.9094180000000001,0.15606700000000018,0.377641,-0.860993,0.1893490000000002,0.482077,0.04842500000000005,0.935871519745435,0.015750000000000042,single,-0.860993
715,2.979167,walk,1.588478,0.346936,0.948733,0.014587,-0.009225,-0.745594,0.0974322054236014,0.7497000239981182,-0.0988720902327782,0.14179150918375702,-0.10390417995176236,0.28037770576857046,0.026397888168960767,0.020398368130550903,0.027837772978164217,0.0035997120230086173,0.35517158627312323,-0.2958963282937495,-0.03357800000000011,-0.10747500000000001,-0.9088900000000001,0.15567599999999993,0.375997,-0.8618140000000001,0.18925400000000003,0.483472,0.04707600000000001,0.9275836972284892,0.0292400000000001,single,-0.8618140000000001
716,2.983333,walk,1.588866,0.349855,0.948495,0.014649,-0.009373,-0.746199,0.09313490158421082,0.700672107537188,-0.057129140662521595,-0.07489366217849205,0.03239305031792949,0.4364856536588934,0.034085453672607444,0.01488238118099011,0.03336533845415014,-0.044167066730666574,0.3149303888622045,-0.31301008161304944,-0.033823999999999854,-0.11033200000000001,-0.908513,0.15510400000000013,0.37439,-0.86288,0.18892799999999998,0.484722,0.045633000000000035,0.9167241993293145,0.04367000000000004,single,-0.86288
717,2.9875,walk,1.589237,0.352869,0.948205,0.01462,-0.009257,-0.746734,0.08903287736984357,0.7233021358291574,-0.06959443244541054,0.04900326931358133,-0.020209330135573945,0.3861009551853861,0.031437485001172834,0.017998560115189625,0.03575713942884812,-0.03815694744421106,0.329733621310307,-0.25917926565875854,-0.034064000000000094,-0.11327099999999998,-0.9080739999999999,0.154574,0.37275,-0.8636699999999999,0.18863800000000008,0.48602100000000004,0.044404,0.9151662303620725,0.05596000000000001,single,-0.8636699999999999
718,2.991667,walk,1.589696,0.355983,0.947863,0.014784,-0.008865,-0.7473,0.11015118790495781,0.7473002159826773,-0.08207343412525381,0.08622372338447055,-0.1770868251043971,0.4113322992651461,0.02591792656587243,0.016078713702898886,0.03695704343652315,-0.09023278137746797,0.28749700023997105,-0.26469882409405465,-0.034415000000000084,-0.116318,-0.907578,0.15373900000000007,0.37083400000000005,-0.864431,0.18815400000000015,0.48715200000000003,0.043147000000000046,0.9201374964325351,0.06852999999999998,single,-0.864431
719,2.995833,walk,1.590117,0.358965,0.947646,0.014471,-0.008991,-0.747907,0.10105616898703629,0.7157945271243166,-0.052088334133465385,0.052382161005945865,0.15966704515529812,0.4345845764505685,0.0230436869899408,0.014642342774844892,0.03912626020163035,-0.03192510801732048,0.18578972635619784,-0.368218915026396,-0.03473999999999999,-0.11923899999999998,-0.907198,0.1531849999999999,0.368626,-0.865748,0.1879249999999999,0.487865,0.04144999999999999,0.9204828119664947,0.08550000000000002,single,-0.865748
720,3.0,walk,1.590586,0.362054,0.947287,0.014702,-0.009113,-0.748395,0.11255099592034416,0.7413006959443603,-0.08615310775138339,-0.11912910073580568,-0.038271800827304685,0.3555195578978188,0.032397408207343985,0.012718982481401468,0.038396928245742194,-0.05111591072709537,0.19702423806095468,-0.32301415886730533,-0.03507400000000005,-0.122275,-0.906679,0.15250300000000006,0.36635799999999996,-0.866735,0.1875770000000001,0.488633,0.03994399999999998,0.9136272825896692,0.10056000000000004,single,-0.866735
721,3.004167,walk,1.591103,0.365163,0.946956,0.01479,-0.009134,-0.748958,0.12407007439402502,0.7461003119750829,-0.07943364530837181,-0.037586743294457874,-0.018163587442284808,0.4085690333179016,0.03671706263500762,0.014878809695226619,0.04535637149028325,-0.08399328053757822,0.282457403407763,-0.3906887449004269,-0.03543799999999986,-0.12532200000000002,-0.906159,0.1516360000000001,0.364426,-0.868032,0.18707399999999996,0.48974800000000007,0.03812700000000002,0.8996295458860524,0.11873000000000006,single,-0.868032
722,3.008333,walk,1.591542,0.368386,0.946775,0.014538,-0.008648,-0.749582,0.10537686029766351,0.7736437830052538,-0.04344695151223758,0.25268885425158494,-0.05646475846968389,0.45030906242817526,0.01824291886700982,0.024243879020640235,0.046327412385980184,-0.048247719635168565,0.16994719155062687,-0.3161305808929339,-0.03580099999999997,-0.128444,-0.9057850000000001,0.1509959999999999,0.361911,-0.869168,0.18679699999999988,0.490355,0.03661700000000001,0.9077021894876215,0.13383000000000006,single,-0.869168
723,3.0125,walk,1.592097,0.371589,0.946513,0.014632,-0.008422,-0.750228,0.13318934485242367,0.7686585073193704,-0.06287497000239226,0.04902848369509713,-0.09804752175085837,0.4704812189529634,0.011039116870647394,0.025677945764342985,0.05423566114710588,-0.08759299256057751,0.1574274058075234,-0.3074154067674376,-0.036310000000000064,-0.13154,-0.905297,0.15007599999999988,0.35936399999999996,-0.870187,0.18638599999999994,0.49090399999999995,0.035109999999999975,0.8983097576512098,0.14889999999999998,single,-0.870187
724,3.016667,walk,1.592648,0.374766,0.946269,0.014471,-0.008286,-0.750883,0.1322294216462667,0.762419006479513,-0.058555315574761964,0.09750396863617955,0.02241584318503299,0.47419421782171634,0.0088792896568434,0.024478041756658422,0.06047516198704267,-0.054955603551726705,0.16390688744900897,-0.26181905447565595,-0.03682399999999997,-0.13461499999999998,-0.9048010000000001,0.14929599999999987,0.35686999999999997,-0.8710340000000001,0.18611999999999984,0.49148499999999995,0.03376699999999999,0.890262161767112,0.16233000000000003,single,-0.8710340000000001
725,3.020833,walk,1.593153,0.378016,0.946012,0.014448,-0.008173,-0.751366,0.12121939510320784,0.7801248199711814,-0.06168987037927405,0.04613872601480068,-0.021989863926452514,0.35132840573032803,0.018722995679260276,0.020643302928468648,0.06745079212673927,-0.0813730196831152,0.2347575612097954,-0.2779644743158811,-0.037251000000000145,-0.137779,-0.9042629999999999,0.14845200000000003,0.35459799999999997,-0.8719349999999999,0.18570300000000017,0.49237699999999995,0.03232800000000002,0.8783640919984893,0.17672,single,-0.8719349999999999
726,3.025,walk,1.593827,0.381187,0.945743,0.014624,-0.008153,-0.752033,0.1617470602352038,0.7609791216702961,-0.06455483561314519,-0.051194003979543705,-0.06218044687606791,0.48753325492459737,0.023998080153639453,0.01967842572594252,0.07559395248380375,-0.15958723302139863,0.3657307415406862,-0.31557475401969537,-0.037825,-0.140868,-0.903679,0.14711299999999983,0.35295099999999996,-0.872981,0.18493799999999982,0.49381899999999995,0.030698000000000003,0.8638057561357113,0.19302000000000008,single,-0.872981
727,3.029167,walk,1.594471,0.384363,0.945536,0.014497,-0.008065,-0.752653,0.1545476361890635,0.7621790256779023,-0.04967602591791327,0.0694052457492525,0.025120520515307797,0.45066524124670376,-0.0095992320614441,0.029517638588907304,0.06647468202543379,-0.028797696184279017,0.3762898968082357,-0.27333813294934434,-0.038508999999999904,-0.14392100000000002,-0.9031950000000001,0.14634900000000006,0.35134299999999996,-0.873913,0.18485799999999997,0.495264,0.02928200000000003,0.8777261771176251,0.20717999999999992,single,-0.873913
728,3.033333,walk,1.595061,0.387633,0.945391,0.014494,-0.00767,-0.753193,0.14162265962557302,0.784925588094156,-0.03480556889104014,0.14149838763479103,-0.11760062180366262,0.39486852102538966,0.03840614498318547,0.013922227556410727,0.10393662986078664,-0.014402304368687887,0.361737878060527,-0.22323571771485212,-0.03893900000000006,-0.147133,-0.902617,0.14569900000000002,0.34958,-0.874698,0.18463800000000008,0.496713,0.027919000000000027,0.8138721808703901,0.22080999999999995,single,-0.874698
729,3.0375,walk,1.595748,0.390908,0.945217,0.014257,-0.007256,-0.753829,0.16486681065510927,0.7859371250299431,-0.04175665946724187,0.22180415368000772,-0.03791921893043409,0.46266336849041634,0.028797696184279017,0.017038636909049956,0.10367170626349305,-0.013918886489107267,0.38564914806813705,-0.12215022798175629,-0.03950600000000004,-0.15033699999999997,-0.902011,0.14495400000000003,0.34791200000000005,-0.875033,0.18446000000000007,0.49824900000000005,0.026978000000000057,0.8184369933908429,0.2302200000000001,single,-0.875033
730,3.041667,walk,1.596411,0.3942,0.945079,0.014015,-0.006675,-0.754425,0.15910727141831305,0.7900167986561477,-0.03311735061194571,0.28397801844477566,-0.08919503760976022,0.43453433861205604,0.014878809695226619,0.019438444924406394,0.10751139908807715,-0.01199904007676644,0.34053275737941274,-0.1406287497000312,-0.040107000000000115,-0.153548,-0.901425,0.14424100000000006,0.346039,-0.875481,0.18434800000000018,0.499587,0.025944000000000078,0.8162283039800187,0.24056000000000005,single,-0.875481
731,3.045833,walk,1.597066,0.397464,0.945028,0.014025,-0.006262,-0.754955,0.15722515602497703,0.7834853576572011,-0.012241958713399389,0.14405188291675425,-0.12822036256587463,0.38925773453167584,-0.0024003840614121924,0.026164186269801968,0.09745559289486137,-0.016082573211722854,0.31565050408066014,-0.13394143062889433,-0.04077200000000003,-0.15670299999999998,-0.900968,0.14351899999999995,0.34409000000000006,-0.875988,0.18429099999999998,0.500793,0.024980000000000002,0.8317746297266989,0.2502,single,-0.875988
732,3.05,walk,1.597756,0.400742,0.944962,0.013849,-0.005608,-0.755462,0.16558675305972856,0.7866570674346419,-0.01583873290137113,0.2900101361805411,-0.13687402993468914,0.3717576504585247,0.02039836813052426,0.036717062634987634,0.1238300935925172,-0.03575713942883646,0.2925365970722404,-0.14206863450924795,-0.041377,-0.159828,-0.900386,0.14268000000000014,0.34203100000000003,-0.876514,0.18405700000000014,0.501859,0.023872000000000004,0.7820669815563763,0.26128000000000007,single,-0.876514
733,3.054167,walk,1.598485,0.404036,0.944952,0.014024,-0.004936,-0.756037,0.1749460043196389,0.7904967602591357,-0.0023998080153477034,0.1857988354242365,-0.26911943926789333,0.4253830637806653,0.024238060955153014,0.04511639068874731,0.15718742500599062,-0.07535397168229623,0.27237820974320326,-0.12287017038636126,-0.04200499999999985,-0.162934,-0.899721,0.141637,0.339872,-0.877016,0.18364199999999986,0.502806,0.022704999999999975,0.724465877855899,0.27295,single,-0.877016
734,3.058333,walk,1.599136,0.40732,0.944987,0.013934,-0.004362,-0.756416,0.1562650024003695,0.7882861257801055,0.008401344215075922,0.23458572681708822,-0.14407228610631795,0.28023448318860195,0.012962073931828376,0.03888622179548513,0.13394143062889766,-0.07441190590495055,0.22587614018241572,-0.16994719155064353,-0.04260199999999981,-0.166056,-0.899198,0.14067600000000002,0.33752899999999997,-0.8777590000000001,0.18327799999999983,0.503585,0.021438999999999986,0.7665449100703755,0.2984435603830366,single,-0.8777590000000001
735,3.0625,walk,1.599896,0.410608,0.945073,0.013957,-0.003681,-0.756929,0.18238540916729748,0.7890568754499898,0.020638348932093695,0.23715374305695242,-0.21742488183794564,0.3794496687588236,0.010079193664477414,0.04607631389488997,0.1581473482121502,-0.07031437484998562,0.1603071754259737,-0.2059035277177914,-0.043320000000000025,-0.16915199999999997,-0.898625,0.13962300000000005,0.334909,-0.878703,0.18294300000000008,0.504061,0.019921999999999995,0.7249484866752656,0.35035191802862115,single,-0.878703
736,3.066667,walk,1.600683,0.413879,0.945224,0.01401,-0.002966,-0.75746,0.18886489080876628,0.7849772018238956,0.0362371010318954,0.23996280021864724,-0.23882062178678287,0.39445716123458957,0.01271898248142145,0.04319654427645643,0.15838732901368469,-0.06335493160548453,0.13654907607393033,-0.3114950803935812,-0.04405400000000004,-0.172243,-0.8981159999999999,0.13857199999999992,0.33220700000000003,-0.8801519999999999,0.18262599999999996,0.5044500000000001,0.01796399999999998,0.7255598631107739,0.3203599999999999,single,-0.8801519999999999
737,3.070833,walk,1.601392,0.417176,0.945381,0.014135,-0.002454,-0.757705,0.1701872299567521,0.7914066250599866,0.037686029764779035,0.1454455402487077,-0.2038404881428768,0.18403150686154301,0.004560729716752455,0.05736917906865349,0.1874699951992277,-0.05544887181951174,0.10417666826690412,-0.33317330772922765,-0.044743999999999895,-0.17530099999999998,-0.8974920000000001,0.13763199999999998,0.32934399999999997,-0.8816970000000001,0.18237599999999987,0.504645,0.015795000000000003,0.6731589663385487,0.34204999999999997,single,-0.8816970000000001
738,3.075,walk,1.602149,0.420475,0.9456,0.014126,-0.001771,-0.758047,0.1816654667626764,0.7916966642668095,0.052555795536346504,0.2489276810109825,-0.20782017660441465,0.2553684459362885,0.021838252939778667,0.06047516198703789,0.19270458363329715,-0.0333573314134583,0.07847372210224557,-0.2942164626829686,-0.04540999999999995,-0.17834799999999998,-0.896908,0.13673599999999997,0.32637200000000005,-0.883142,0.18214599999999992,0.5047200000000001,0.013766000000000056,0.66141958503964,0.36234,single,-0.883142
739,3.079167,walk,1.602902,0.423685,0.945891,0.014063,-0.001267,-0.758343,0.1807055435565246,0.7703383729301985,0.06983441324695333,0.20102799509226954,-0.13251168016972126,0.22006580798088182,0.003359731221492472,0.05711543076553854,0.19102471802256646,-0.03167746580274226,0.09503239740820014,-0.29613630909528565,-0.046148999999999996,-0.18131999999999998,-0.8964030000000001,0.13585099999999994,0.323558,-0.8846670000000001,0.18199999999999994,0.5048779999999999,0.011735999999999969,0.6676518595700238,0.38264,single,-0.8846670000000001
740,3.083333,walk,1.603609,0.426985,0.946255,0.014107,-0.000328,-0.75852,0.16970715314450163,0.7921267402784289,0.08737397983675227,0.3268057723551289,-0.3084810628603969,0.13674075520212287,0.025444071051352993,0.08065290446471286,0.18578972635621283,-0.05880940950553145,0.11665866538645539,-0.2217954872779587,-0.04675000000000007,-0.184284,-0.8959929999999999,0.13489899999999988,0.320744,-0.8859549999999999,0.18164899999999995,0.505028,0.010037999999999991,0.6597790171987197,0.4705997044654291,single,-0.8859549999999999
741,3.0875,walk,1.604394,0.430217,0.946583,0.014195,0.000399,-0.758771,0.1883849292056807,0.7756179505639933,0.07871370290377008,0.23519717985678637,-0.25761974742253035,0.19082025855406418,-0.008159347252241676,0.08279337652988426,0.21142308615311736,-0.01823854091671909,0.10511159107273085,-0.12311015118791048,-0.047569000000000194,-0.187171,-0.8954399999999999,0.13403799999999988,0.31795,-0.8867959999999999,0.18160700000000007,0.505121,0.008643999999999985,0.6213289337722193,0.6420559572731825,double,-0.8867959999999999
742,3.091667,walk,1.605173,0.433403,0.946974,0.014392,0.000879,-0.758934,0.18694504439640405,0.76457883369325,0.09383249340052949,0.1118812178369827,-0.2206953021503018,0.124829664865465,-0.008879289656789167,0.08999280057594519,0.2255819534437099,-0.008879289656842454,0.11471082313413711,-0.10991120710342504,-0.0483849999999999,-0.18998199999999998,-0.894891,0.13322199999999995,0.315242,-0.887645,0.18160699999999985,0.505224,0.007245999999999975,0.594945944417459,0.6623467362183793,double,-0.887645
743,3.095833,walk,1.605982,0.436548,0.94745,0.01419,0.001453,-0.759133,0.19419107057132112,0.7549207873260341,0.11425828132502873,0.2706073750042983,-0.10451762967354505,0.14931635114610758,0.006481036965914879,0.0868939030244911,0.24219875180030795,0.019203072491619382,0.10513682189152285,-0.12938070091215567,-0.04916699999999996,-0.192765,-0.894358,0.13249299999999997,0.31253500000000006,-0.88866,0.18165999999999993,0.5053000000000001,0.005697999999999981,0.5710063792347827,0.663328329092111,double,-0.88866
744,3.1,walk,1.606777,0.439688,0.947857,0.014264,0.002127,-0.759204,0.1907847372209817,0.7535397168226159,0.09767218622508049,0.22181906349976913,-0.2370627589904843,0.05841441499685705,-0.0079193664506714,0.11159107271417444,0.2522198224141906,0.04703623710104945,0.0580753539716702,-0.11303095752339105,-0.04999499999999979,-0.19544000000000003,-0.8937139999999999,0.13189400000000018,0.309637,-0.8895379999999999,0.18188899999999997,0.505077,0.0041759999999999575,0.5401385393007354,0.732401121235271,double,-0.8895379999999999
745,3.104167,walk,1.607541,0.442869,0.948341,0.014406,0.002874,-0.759196,0.18334533237346864,0.7633789296856575,0.11615070794337942,0.22788618023150123,-0.285087591044499,0.0010131092498028805,-0.002159827213858457,0.10631149508039817,0.2697384209263382,0.045356371490281586,0.05159587233020759,-0.14542836573074874,-0.050768000000000146,-0.19817800000000002,-0.893074,0.13131899999999996,0.30667099999999997,-0.890628,0.1820870000000001,0.504849,0.0024460000000000592,0.5167654854936785,0.7074772791294093,double,-0.890628
746,3.108333,walk,1.608374,0.445946,0.948911,0.014259,0.003618,-0.759238,0.1999519923187323,0.7385981757080922,0.13682189150262694,0.31668407996047043,-0.1786150812486475,0.03669206769977148,-0.004080652904448696,0.11521843494959075,0.2986077772443514,0.00864138262120115,0.049207873259722784,-0.1761881901104125,-0.05161799999999994,-0.200775,-0.8924,0.13052200000000003,0.303799,-0.891932,0.18213999999999997,0.504574,0.00046800000000002395,0.5,0.6900952803318794,single,-0.891932
747,3.1125,walk,1.609323,0.44906,0.949371,0.01459,0.004328,-0.758995,0.22774178065757908,0.7473002159827569,0.11039116870651235,0.15763777564475995,-0.3435334137475794,-0.17035493938122237,-0.0019198464122890248,0.1295896328293826,0.3081353491720804,-0.03191744660425841,0.05159587233020759,-0.11567074634029884,-0.05257500000000004,-0.203349,-0.8915759999999999,0.12944,0.30089999999999995,-0.892874,0.18201500000000004,0.504249,0.0012980000000000214,0.48702,0.7823064143867672,single,-0.8915759999999999
748,3.116667,walk,1.610141,0.452111,0.949908,0.014655,0.004997,-0.758848,0.19630429565633203,0.7321814254859094,0.12886969042476049,0.22486981581857313,-0.23336943787065156,-0.10184726684269418,0.0031197504199759933,0.14038876889847343,0.3441324694024263,-0.05351571874251756,0.04799616030719386,-0.07847372210222726,-0.05337999999999998,-0.205815,-0.890679,0.12839899999999993,0.29804900000000006,-0.8937379999999999,0.1817789999999999,0.5038640000000001,0.003058999999999923,0.46941,0.8226296356228671,single,-0.890679
749,3.120833,walk,1.61098,0.455067,0.950473,0.014737,0.005628,-0.75884,0.20139222275564359,0.7095535285645543,0.13562169947192085,0.20427913294572542,-0.22715637450512027,0.001013529880723673,0.0060009601536104296,0.1589054248679802,0.3482957273163613,-0.06289006240998014,0.05280844935189437,-0.043446951512240914,-0.054194000000000075,-0.208109,-0.8897930000000001,0.1272979999999999,0.29531300000000005,-0.8944840000000001,0.181492,0.503422,0.004691000000000001,0.45309,0.8451566215261566,single,-0.8897930000000001
750,3.125,walk,1.611784,0.458065,0.95108,0.014758,0.006426,-0.758661,0.1929445644348605,0.7194624430045926,0.14566834653228988,0.28598561661596483,-0.25774366943078814,-0.12355617120301576,0.013438924886023173,0.18166546676266246,0.3590112790976896,-0.06479481641468797,0.05543556515478564,-0.045116390688745456,-0.054942000000000046,-0.21035,-0.888904,0.1262239999999999,0.29254600000000003,-0.895279,0.18116599999999994,0.502896,0.0063750000000000195,0.43625,0.8392123654990921,single,-0.888904
751,3.129167,walk,1.61262,0.461031,0.951699,0.014903,0.007053,-0.758561,0.2006239500839633,0.7117830573554499,0.14854811615069677,0.18404167944826733,-0.2491756746135159,-0.06586287072763304,0.03287736981037628,0.19294456443485383,0.4074874010079375,-0.058555315574735325,0.04007679385647344,-0.044396448284140404,-0.05564100000000005,-0.21251200000000003,-0.887825,0.12514400000000014,0.2897469999999999,-0.896083,0.1807850000000002,0.502259,0.008257999999999988,0.41742,0.8604977199696735,single,-0.887825
752,3.133333,walk,1.613518,0.463923,0.952339,0.01518,0.007607,-0.758491,0.2155544887182047,0.6941910705712604,0.15362457993280543,0.1158564922516439,-0.2743878848579851,-0.043992167470644945,0.021123379740779068,0.22395583293326732,0.3958233317330659,-0.040566490638521635,0.0259241478636834,-0.06481036965914355,-0.05645100000000003,-0.21447099999999997,-0.886816,0.12407699999999999,0.2869630000000001,-0.896993,0.18052800000000002,0.501434,0.010176999999999992,0.39823000000000003,0.8654422302860814,single,-0.886816
753,3.1375,walk,1.614363,0.466853,0.952866,0.015398,0.008246,-0.758315,0.20278377729780014,0.7031437485000877,0.12646988240938614,0.1665037562448762,-0.2797440105231004,-0.12106839447776793,0.03215742740582442,0.25773938084952097,0.42260619150465356,-0.013918886489053981,0.012239020878307924,-0.06335493160546779,-0.057161999999999935,-0.216327,-0.885582,0.12317400000000012,0.28408399999999995,-0.897784,0.18033600000000005,0.5004109999999999,0.012202000000000046,0.37798000000000004,0.8899826226871368,single,-0.885582
754,3.141667,walk,1.61521,0.46971,0.953479,0.015525,0.008916,-0.758134,0.20326373890090732,0.6856251499880319,0.1471082313414933,0.20632005086031077,-0.2563284860341491,-0.12459069114025342,0.019678425725922537,0.2810175185985196,0.41084713222944164,-0.03455723542120245,0.04031677465804288,-0.07703383729302052,-0.05792700000000006,-0.218013,-0.8844829999999999,0.12218299999999993,0.281395,-0.898718,0.18011,0.499408,0.014235000000000109,0.35764999999999997,0.8440632524344907,single,-0.8844829999999999
755,3.145833,walk,1.616133,0.472548,0.954056,0.015697,0.009643,-0.758108,0.22155544887181514,0.6812289966394454,0.13850216034566346,0.21100570615406897,-0.29023385927660067,-0.009277579255579226,0.016082573211722854,0.33941430628898994,0.4378300528084355,-0.05112818050888452,0.055448871819485095,-0.06337013922227391,-0.05878300000000003,-0.21943700000000005,-0.883236,0.1210469999999999,0.278788,-0.899559,0.17982999999999993,0.49822500000000003,0.016322999999999976,0.33677,0.8358147830002386,single,-0.883236
756,3.15,walk,1.616977,0.475341,0.954572,0.015968,0.010206,-0.757977,0.2025437964963056,0.670266378689733,0.12383009359250888,0.12170482014325334,-0.2751066252083662,-0.08784806925423676,0.013678905687539319,0.365970722342229,0.4382049436045336,-0.039116870650328935,0.0743940484761331,-0.054235661147109995,-0.05957000000000012,-0.22070500000000004,-0.881926,0.12003999999999992,0.276305,-0.900301,0.17961000000000005,0.49701000000000006,0.01837500000000003,0.31625,0.8332824164591847,single,-0.881926
757,3.154167,walk,1.61783,0.478165,0.955092,0.016097,0.010773,-0.757897,0.20470362371008896,0.6777057835372741,0.12479001679866673,0.16691816251577904,-0.22458223157259025,-0.05078920577510616,-0.0002399808015161201,0.416606671466261,0.4492440604751343,-0.0021598272138049403,0.039116870650324764,-0.06311495080393169,-0.06042400000000003,-0.22179300000000002,-0.8805740000000001,0.119178,0.27364399999999994,-0.901084,0.17960200000000004,0.49543699999999996,0.020509999999999917,0.2949,0.8761913277354211,single,-0.8805740000000001
758,3.158333,walk,1.618649,0.480966,0.955584,0.016495,0.01131,-0.757831,0.19659145463273356,0.6723475756121507,0.11809889582332594,0.07158166718259522,-0.313130523605426,-0.03967320247639179,0.006481036965914879,0.45655304848779776,0.4354296687470331,0.0050408065290034505,0.01056168987039066,-0.03408545367259109,-0.06121599999999994,-0.222692,-0.879252,0.11837999999999993,0.270887,-0.901718,0.17959599999999987,0.493579,0.022465999999999986,0.27534000000000003,0.9399357479340408,single,-0.879252
759,3.1625,walk,1.619499,0.483704,0.956045,0.016731,0.011832,-0.757864,0.2039836813054873,0.6570674346051959,0.11063114950804334,0.11538330363089651,-0.24926591514775778,0.033185851576051424,-0.005039596832264814,0.4862011039116508,0.4185265178785465,0.0021598272138582267,0.009359251259901337,-0.0470362371010278,-0.062087,-0.22340400000000005,-0.877969,0.11753900000000006,0.268188,-0.902375,0.17962600000000006,0.49159200000000003,0.02440600000000004,0.25593999999999995,0.9199884029523118,single,-0.877969
760,3.166667,walk,1.620296,0.486463,0.956516,0.016569,0.012297,-0.757747,0.19126469882408761,0.6621070314375046,0.1130309575234031,0.22156872714191125,-0.086798027163659,-0.07997886987191753,-0.024478041756671745,0.5265178785697455,0.44252459803217725,0.0014398848092034469,0.0074394048476133096,-0.02927765778737932,-0.06298599999999999,-0.22396899999999997,-0.876596,0.11674800000000007,0.26546000000000003,-0.902968,0.17973400000000006,0.489429,0.02637199999999995,0.23627999999999993,0.9495960964291301,single,-0.876596
761,3.170833,walk,1.621152,0.489204,0.956963,0.016698,0.01266,-0.757846,0.20547287566009229,0.6579452712433926,0.10729716754679859,0.0900801749652059,-0.16053901096787696,0.07859654116539622,-0.0386461833893599,0.5801728276524091,0.4385501680268712,-0.0115218434949704,0.027604416706666607,-0.029044647143541238,-0.06400300000000003,-0.22429300000000002,-0.875216,0.11584400000000006,0.26283399999999996,-0.903536,0.1798470000000001,0.487127,0.028320000000000012,0.21680000000000005,0.9305108276433838,single,-0.875216
762,3.175,walk,1.622012,0.491957,0.957381,0.01684,0.013108,-0.757942,0.20638348932088366,0.6606671466282878,0.10031197504200828,0.1169336595503805,-0.19185042023297513,0.07787721229212614,-0.04559635229179773,0.5985121190305039,0.4382049436045303,-0.03815694744421106,0.04127669786418739,-0.022078233741302137,-0.06505300000000003,-0.22455199999999997,-0.873808,0.11482499999999995,0.26025300000000007,-0.904046,0.17987799999999998,0.48480500000000004,0.030237999999999987,0.19762000000000007,0.8993470369431118,single,-0.873808
763,3.179167,walk,1.622836,0.494669,0.957744,0.016972,0.013711,-0.758052,0.19774418046553532,0.6508279337652706,0.08711303095751863,0.1761995391336583,-0.23672819835655276,0.09084950167171377,-0.07631389488841399,0.6465082793376075,0.45020398368127873,-0.04079673626109746,0.022798176145896434,-0.03671706263498705,-0.066195,-0.22457000000000005,-0.872295,0.11383100000000002,0.257636,-0.9045620000000001,0.18002600000000002,0.482206,0.032267000000000046,0.17733000000000004,0.9009451160315877,single,-0.872295
764,3.183333,walk,1.623563,0.497412,0.958105,0.016815,0.014056,-0.758011,0.17450792126743261,0.6584253480556698,0.08665386461832329,0.17531967311682004,-0.05086205836202442,-0.025362144419188177,-0.08473355736918821,0.653384541526627,0.44263082093133654,-0.034805568891036434,0.00912145943350491,-0.024963994239077553,-0.0672750000000002,-0.22459100000000004,-0.870812,0.11295899999999981,0.25493099999999996,-0.905027,0.180234,0.479522,0.034214999999999995,0.15785000000000005,0.9270116132450119,single,-0.870812
765,3.1875,walk,1.624353,0.500075,0.958414,0.016803,0.014325,-0.758173,0.18958483321331474,0.6390688744900763,0.0741540676745903,0.09895437860218313,-0.07980554943122348,0.12388175534813933,-0.08759299256058684,0.6796256299496354,0.4756419486441296,-0.01535877129825891,-0.003119750419949683,-0.01367890568754598,-0.06842999999999999,-0.22442200000000007,-0.869139,0.11210500000000012,0.252255,-0.905393,0.1805350000000001,0.4766770000000001,0.03625400000000001,0.13746000000000008,0.9653294409523419,single,-0.869139
766,3.191667,walk,1.625056,0.502796,0.958759,0.016998,0.014716,-0.758236,0.16870650347975816,0.6529877609791451,0.08279337652989092,0.08016352299383571,-0.1933398480063135,0.0528126948931169,-0.10703143748499323,0.7362610991121082,0.5053995680345829,-0.007919366450672245,0.00047996160305893454,-0.0016798656107512315,-0.06957900000000006,-0.22407500000000002,-0.867378,0.11136900000000005,0.24953599999999998,-0.905745,0.1809480000000001,0.473611,0.03836700000000004,0.11632999999999999,0.9864836851062391,single,-0.867378
767,3.195833,walk,1.625777,0.505427,0.95906,0.017174,0.01496,-0.758433,0.17306769083052134,0.6315410465674188,0.07225156024963694,0.030413163158998686,-0.14048072293678207,0.14973491753613583,-0.09577532405185485,0.7719635141622441,0.5232837253960494,-0.0002400384061785287,0.012962073931828376,-0.006481036965914188,-0.07069900000000007,-0.22348999999999997,-0.865499,0.11064699999999994,0.24695900000000004,-0.906073,0.181346,0.470449,0.040574,0.09425999999999995,0.975843288303008,single,-0.865499
768,3.2,walk,1.626469,0.50811,0.959364,0.016871,0.015131,-0.758593,0.16606671466279643,0.6438684905207169,0.07295416366689524,0.15432331839892457,0.05685093310221872,0.11985641576392046,-0.09671226301893608,0.7993760499159648,0.5485961123109808,-0.00383969282457764,0.030237580993508952,-0.017278617710582728,-0.07179399999999991,-0.22284199999999993,-0.863517,0.10993900000000001,0.244402,-0.906449,0.18173299999999992,0.46724399999999994,0.04293199999999997,0.07067999999999997,0.9416046716262862,single,-0.863517
769,3.204167,walk,1.627151,0.510714,0.959587,0.016948,0.015321,-0.758825,0.1636669066474928,0.6249100071994648,0.05351571874249662,0.04118493222791987,-0.08755041317550606,0.17434229728667264,-0.0743940484761331,0.8334533237341403,0.5725941924646288,-0.011279097672164716,0.03311735061197235,-0.01991840652747865,-0.07278600000000002,-0.22197299999999998,-0.861354,0.10921000000000003,0.24193600000000004,-0.906755,0.18199600000000005,0.463909,0.045401000000000025,0.045989999999999975,0.9329030578100188,single,-0.861354
770,3.208333,stand,1.627761,0.513321,0.959849,0.016593,0.015363,-0.758817,0.14642342774843561,0.6257801248199603,0.06289006240998014,0.12642760483758314,0.11626029626877823,-0.005739993210829875,-0.08617378780604618,0.8783005280844618,0.578972635621683,-0.01776284205475936,0.01824291886700982,-0.026884301488235954,-0.07375500000000001,-0.22092100000000003,-0.859204,0.1085259999999999,0.23940499999999998,-0.907129,0.18228099999999992,0.460326,0.047924999999999995,0.020750000000000046,0.9382863171762579,single,-0.859204
771,3.2125,stand,1.628342,0.515702,0.960393,0.016985,0.014392,-0.758889,0.1394288456923372,0.5713942884569415,0.1305495560355471,-0.4772030543227165,0.16063460919162914,0.037728578134360265,-0.08615310775138339,0.8939284857211912,0.5903527717782856,-0.01583873290134449,-0.003119750419976326,-0.009599232061436798,-0.07469499999999996,-0.21957699999999997,-0.857288,0.10787900000000006,0.23701099999999997,-0.9077130000000001,0.18257400000000001,0.45658799999999994,0.05042500000000005,0.0,0.9686975525108308,single,-0.857288
772,3.216667,stand,1.628862,0.518242,0.960647,0.01698,0.014549,-0.758998,0.12479001679866673,0.6095512359010876,0.06095512359010343,0.056926302731609396,-0.047238480276398875,0.08307873241025425,-0.09119270458363903,0.9104871610270537,0.5701943844492101,-0.00407967362609376,-0.01079913606910463,0.003119750419966002,-0.07559500000000008,-0.218323,-0.855166,0.10734200000000005,0.23442600000000002,-0.907954,0.18293700000000013,0.452749,0.05278800000000006,0.0,0.9800697104179091,single,-0.855166
773,3.220833,stand,1.629474,0.520753,0.960899,0.016954,0.014818,-0.759184,0.14690350456075502,0.6027364378301104,0.060489678348521106,0.1030227054762543,-0.07460055628679371,0.14173518752433584,-0.0998559769563142,0.9457513202113085,0.5573691790686929,-0.0033605376860733663,-0.0052808449351820054,0.007201152184350606,-0.07662300000000011,-0.21689400000000003,-0.853096,0.10671599999999981,0.23189300000000002,-0.908176,0.18333899999999992,0.44878700000000005,0.05508000000000002,0.0,0.9840977701117165,single,-0.853096
774,3.225,stand,1.630118,0.523293,0.961197,0.016785,0.014776,-0.759371,0.1545476361890635,0.6095512359010876,0.07151427885769195,0.03440421958736649,0.07470673815051744,0.1364915104665926,-0.15646748260135235,1.006959443244487,0.5425965922725849,-0.002639788816890467,0.007199424046069754,0.001919846412287155,-0.07791899999999985,-0.21523799999999998,-0.8511329999999999,0.10606099999999996,0.229383,-0.908466,0.1839799999999998,0.444621,0.05733300000000008,0.0,0.9868253187009157,single,-0.8511329999999999
775,3.229167,stand,1.630674,0.525787,0.961452,0.016593,0.014841,-0.759469,0.133429325653954,0.5985121190305039,0.06119510439165272,0.08201764069454105,0.04968631611648041,0.0732922584363765,-0.16222702183828938,1.0496760259179718,0.4924406047516419,-0.0016798656107195925,0.019678425725949182,-0.015118790496761082,-0.07915099999999997,-0.213358,-0.849336,0.10549800000000009,0.22697100000000003,-0.9087839999999999,0.18464900000000006,0.440329,0.059447999999999945,0.0,0.9585458682662817,single,-0.849336
776,3.233333,stand,1.631084,0.52825,0.961635,0.016489,0.014961,-0.759425,0.09841574651944557,0.5912145943350757,0.04392702832454134,0.07693351259688322,0.00047630139971622555,-0.030631529261992675,-0.21195391262600646,1.062409985597663,0.47287566010560717,-0.005040806529056213,0.01824291886700982,-0.020163226116178216,-0.08044399999999996,-0.211395,-0.847549,0.10506700000000002,0.224584,-0.909051,0.18551099999999998,0.435979,0.06150200000000006,0.0,0.9539092228235104,single,-0.847549
777,3.2375,stand,1.631608,0.530685,0.961841,0.016558,0.015093,-0.759551,0.1257499400047979,0.5843532517398791,0.049436045116375775,0.024472301831283447,-0.06643870401111387,0.09527423994236318,-0.22630189584832233,1.1408687305016072,0.4106071514279022,-0.0038396928245780495,0.0007199424046017234,-0.007199424046077182,-0.08191099999999985,-0.20907599999999998,-0.8460439999999999,0.10452700000000004,0.22215200000000002,-0.909287,0.18643799999999988,0.431228,0.06324300000000005,0.0,0.9863482536070071,single,-0.8460439999999999
778,3.241667,stand,1.632026,0.533127,0.962117,0.01661,0.015101,-0.759557,0.1003119750419976,0.5860331173505895,0.06623470122391101,-0.013414833070353965,-0.021463194587270053,0.004475357926201303,-0.23446124310053904,1.1667866570673715,0.37916966642666233,-0.00191984641228882,-0.012718982481393451,0.006959443244540312,-0.08330599999999988,-0.206656,-0.84474,0.104101,0.219657,-0.909534,0.18740699999999988,0.426313,0.06479399999999991,0.0,0.9756249116307727,single,-0.84474
779,3.245833,stand,1.632536,0.535549,0.962336,0.016676,0.015336,-0.759687,0.12241958713394059,0.5813730196831418,0.052568410945742494,0.06289238438180826,-0.09751310463772898,0.09957921282134076,-0.27340374459912864,1.2515602496399072,0.3653384541526567,0.0014402304368579754,-0.015362457993293869,0.00600096015362542,-0.08495499999999989,-0.20386400000000005,-0.843437,0.10359699999999994,0.2171709999999999,-0.909728,0.18855199999999983,0.42103499999999994,0.06629099999999999,0.0,0.9724071817882316,single,-0.843437
780,3.25,stand,1.632978,0.538009,0.962716,0.016691,0.015142,-0.759685,0.10607151427887536,0.5903527717782623,0.09119270458364874,-0.07535245963312599,0.05507218496921095,-0.00447472452884935,-0.2987760979122197,1.323494120470421,0.38972882169428236,0.0014398848092567335,-0.003359731221492472,0.0026397888168940785,-0.08664200000000011,-0.20080899999999996,-0.842193,0.10316100000000006,0.21469700000000003,-0.910097,0.18980300000000017,0.415506,0.06790400000000008,0.0,0.9924852834860893,single,-0.842193
781,3.254167,stand,1.633389,0.54036,0.963034,0.016323,0.014979,-0.759681,0.0986321094312354,0.564194864410871,0.07631389488839548,0.055521591493270905,0.18511572798670783,-0.006077574687850397,-0.30933525317972943,1.347492200624007,0.2493400527957873,0.0011999040076340148,0.005759539236867074,-0.006479481641468798,-0.08834199999999992,-0.19754499999999997,-0.841472,0.10275499999999993,0.21237000000000006,-0.910442,0.19109699999999985,0.40991500000000003,0.06896999999999998,0.0,0.9854135008968835,single,-0.841472
782,3.258333,stand,1.633773,0.542735,0.963347,0.01619,0.014883,-0.759616,0.0921747479596566,0.5700912145943233,0.07513202112337954,0.007595699877888285,0.07853913766861786,-0.04998239957069477,-0.28564570331252803,1.401344215074376,0.2426788286125709,0.0036005760921982376,0.013922227556409242,-0.009361497839653458,-0.08991599999999988,-0.19408199999999998,-0.8407739999999999,0.10238600000000009,0.21005300000000005,-0.910794,0.19230199999999997,0.404135,0.07002000000000008,0.0,0.9714017186739217,single,-0.8407739999999999
783,3.2625,stand,1.634228,0.545083,0.963666,0.016134,0.014765,-0.759595,0.10919126469884005,0.5634749220062092,0.07655387568995675,-0.025175242507628804,0.05727385351065261,-0.01764138417198954,-0.2210223182145173,1.3837293016557817,0.24286057115429263,0.004799616030695407,0.0014398848092032936,0.0011999040076788473,-0.09129199999999993,-0.190664,-0.8400810000000001,0.1019509999999999,0.20771099999999998,-0.911108,0.19324299999999983,0.398375,0.07102699999999995,0.0,0.9914123227927831,single,-0.8400810000000001
784,3.266667,stand,1.634553,0.54746,0.964031,0.015686,0.014656,-0.759392,0.07799376049914172,0.5704343652507969,0.08759299256058684,0.10341439540526791,0.19754365404474464,-0.1525115731274554,-0.3076553875690098,1.4206863450924663,0.14470842332614203,0.00287976961846018,-0.010799136069105781,0.007199424046077182,-0.09289899999999984,-0.18712099999999993,-0.839843,0.10163800000000012,0.20528900000000005,-0.911443,0.19453699999999996,0.39241,0.0716,0.0,0.9778423502368381,single,-0.839843
785,3.270833,stand,1.634912,0.549724,0.964465,0.015275,0.01454,-0.759302,0.08617378780604618,0.5434469515122375,0.10417666826693077,0.08752481879043945,0.18618861820142293,-0.0683680323243674,-0.30004800768121437,1.4687950072011084,0.1298607777244323,0.0019203072491617336,-0.012962073931828376,0.004080652904463687,-0.09450799999999981,-0.18326599999999998,-0.839736,0.10128700000000013,0.202971,-0.91186,0.19579499999999994,0.386237,0.07212399999999997,0.0,0.9771262724293134,single,-0.839736
786,3.275,stand,1.635262,0.552004,0.964891,0.015213,0.014276,-0.759135,0.08399328053757822,0.5471562275018392,0.10223182145429731,-0.07421050703228815,0.10519204660637044,-0.12725054251210283,-0.2627789776818138,1.5401967842573248,0.1113510919126502,0.0011999040076873012,-0.010799136069105781,-0.0021598272138234876,-0.09595299999999995,-0.17912800000000006,-0.839698,0.10094200000000009,0.200646,-0.9122950000000001,0.19689500000000004,0.37977400000000006,0.07259700000000002,0.0,0.9815363748698889,single,-0.839698
787,3.279167,stand,1.635635,0.554298,0.96529,0.014836,0.014164,-0.759009,0.08951283897286633,0.5505159587232463,0.09575233981279167,0.07893931177600719,0.17250497110934201,-0.09551222575885712,-0.31917446604270994,1.4948404127668973,0.01535877129829724,0.003119750419922707,-0.0031197504199759933,-0.0014398848092149498,-0.09765599999999997,-0.17519299999999993,-0.840033,0.10058199999999995,0.19833900000000004,-0.9127,0.19823799999999991,0.373532,0.07266699999999993,0.0,0.9922649869587562,single,-0.840033
788,3.283333,stand,1.635954,0.556578,0.965775,0.014253,0.013714,-0.758702,0.07657225156024568,0.5472875660106193,0.11641862698034257,0.02296597908227035,0.3534251398523141,-0.23398142500933383,-0.28156505040810936,1.5900144023044858,0.04032645223236073,0.0016802688430366832,0.005760921747485814,0.0,-0.09914800000000001,-0.17084900000000003,-0.84035,0.10027000000000008,0.196083,-0.913185,0.1994180000000001,0.36693200000000004,0.07283499999999998,0.0,0.9899983997439389,single,-0.84035
789,3.2875,stand,1.63631,0.558819,0.966179,0.013712,0.013779,-0.758487,0.08543316534677256,0.5377969762418529,0.09695224382047885,0.19594408945348032,0.17693711613989632,-0.15822890045098278,-0.2596592272617565,1.5872330213581967,0.009359251259894676,0.004319654427663167,0.006959443244526991,0.0007199424046083076,-0.10058599999999984,-0.16647599999999996,-0.840715,0.09993200000000013,0.19387100000000002,-0.913586,0.20051799999999997,0.360347,0.07287100000000002,0.0,0.986295622990955,single,-0.840715
790,3.291667,stand,1.636577,0.561033,0.966712,0.012408,0.013437,-0.75816,0.06407487401008626,0.5313174946004681,0.1279097672186297,0.2880683592489296,0.5822184774581037,-0.24621272026857197,-0.2942164626830399,1.6431485481162238,-0.06791456683465764,0.002399808015321316,-0.00047996160305893454,-0.0016798656107512315,-0.10207900000000003,-0.16184300000000001,-0.841531,0.09967499999999996,0.19165500000000002,-0.914126,0.201754,0.35349800000000003,0.07259499999999997,0.0,0.9950526690357897,single,-0.841531
791,3.295833,stand,1.636908,0.563242,0.967175,0.012219,0.013221,-0.757927,0.07945271243400676,0.5302448391742574,0.11113778204512206,-0.016311780463909225,0.1367938015060727,-0.1745268208630215,-0.25348055688908233,1.6538646183388908,-0.11857897263561379,0.0019203072491617336,-0.010561689870389534,-0.001200192030724418,-0.10346600000000006,-0.15716200000000002,-0.842488,0.09935199999999988,0.18940199999999996,-0.914594,0.20281799999999994,0.346564,0.072106,0.0,0.9819971195391091,single,-0.842488
792,3.3,stand,1.6372,0.565413,0.967656,0.011735,0.012946,-0.757627,0.07007439404846948,0.5209983201344212,0.11543076553875106,0.05547583790740541,0.26268067168025866,-0.2244857359064154,-0.2882169426446034,1.664746820254462,-0.12622990160788014,0.001679865610772879,-0.009839212862961268,-0.0009599232061445124,-0.10495900000000002,-0.15239600000000003,-0.843495,0.09906700000000002,0.18718999999999997,-0.915079,0.20402600000000004,0.339586,0.07158399999999998,0.0,0.9832872710857018,single,-0.843495
793,3.304167,stand,1.637499,0.567586,0.968016,0.011006,0.013082,-0.757309,0.07175425965923471,0.5214782817374246,0.08639308855291697,0.28185294680594014,0.22306269742084422,-0.23210338255461588,-0.2706983441324572,1.743940484761105,-0.12143028557714465,0.00767938564915528,-0.01343892488602174,0.003119750419966002,-0.10638600000000009,-0.14730200000000004,-0.844361,0.0988,0.18496099999999993,-0.915426,0.2051860000000001,0.332263,0.07106499999999993,0.0,0.9736840506365718,single,-0.844361
794,3.308333,stand,1.637734,0.569749,0.968586,0.010486,0.012173,-0.75699,0.05640902544406596,0.519203072491564,0.13682189150262694,-0.16341297290604614,0.4747458177235436,-0.2454872580052321,-0.2875660105616898,1.7203552568410558,-0.18098895823331348,0.0026404224675907213,-0.002160345655286963,0.0021603456553052846,-0.10781900000000011,-0.14229799999999992,-0.8456849999999999,0.098576,0.1827890000000001,-0.915987,0.2063950000000001,0.325087,0.07030200000000009,0.0,0.9932698816445789,single,-0.8456849999999999
795,3.3125,stand,1.638029,0.57185,0.969067,0.01017,0.012054,-0.756711,0.07079433645307119,0.5041996640269055,0.1154307655387777,0.05912897632605751,0.15264441644597826,-0.20612374889240617,-0.28365730741542367,1.765058795296457,-0.18502519798416825,-0.0009599232061711556,0.006479481641468798,-0.003359731221502463,-0.10929600000000006,-0.13704399999999994,-0.846937,0.09827699999999995,0.18071500000000007,-0.916482,0.207573,0.317759,0.06954499999999997,0.0,0.9877306922244733,single,-0.846937
796,3.316667,stand,1.638304,0.573985,0.969523,0.009395,0.011499,-0.756436,0.06599472042237528,0.5123590112791205,0.10943124550036784,0.044783447469895356,0.4561930962440006,-0.20797368071947334,-0.2567794576433773,1.796736261099186,-0.19870410367171756,0.0011999040076873012,0.0026397888168907483,0.0,-0.11064099999999999,-0.13169199999999998,-0.848221,0.09800699999999996,0.17859100000000006,-0.916938,0.20864799999999994,0.31028300000000003,0.06871700000000003,0.0,0.9951671682371037,single,-0.848221
797,3.320833,stand,1.638524,0.576061,0.969988,0.008884,0.011134,-0.756116,0.05280844935192102,0.49831973115699013,0.11161785885739918,0.03136370826261594,0.30082626117404476,-0.23872887868902293,-0.26380220835331997,1.7986077772443165,-0.2666826692270659,0.0012001920307327459,-0.005280844935208092,-0.0004800768122904334,-0.11196000000000006,-0.12627500000000003,-0.8497969999999999,0.09779199999999988,0.1764929999999999,-0.9174049999999999,0.20975199999999994,0.3027679999999999,0.067608,0.0,0.9909387488774626,single,-0.8497969999999999
798,3.325,stand,1.638706,0.57812,0.97047,0.008134,0.010652,-0.755714,0.04367650587950405,0.4941204703623222,0.11567074634030816,0.06480549636903153,0.4244042951201097,-0.2992085772162855,-0.2774178065754414,1.8123350131988345,-0.31533477321812564,0.0028797696184598735,-0.007439404847585874,-0.00047996160307053984,-0.1132979999999999,-0.12078199999999994,-0.851593,0.0976220000000001,0.17440300000000009,-0.9178890000000001,0.21092,0.29518500000000003,0.06629600000000002,0.0,0.9866804049233521,single,-0.851593
799,3.329167,stand,1.638927,0.580156,0.970859,0.007998,0.010401,-0.755398,0.05303575713943768,0.4886009119270772,0.09335253179745391,-0.04524143842262312,0.12886678361269827,-0.23379541759859102,-0.2750179985601497,1.8456923446125162,-0.3028557715382906,-0.008159347252241676,0.001679865610746236,0.0019198464122856943,-0.11466500000000002,-0.11512699999999998,-0.853244,0.09736699999999998,0.17237400000000003,-0.91827,0.212032,0.287501,0.06502600000000003,0.0,0.9857519293411745,single,-0.853244
800,3.333333,stand,1.639125,0.582268,0.971282,0.0073,0.009909,-0.755041,0.04752760441668628,0.5069611137781913,0.10153624579931339,0.04453416538480424,0.40863663991453536,-0.2658993602502699,-0.26836293807007244,1.882381180988897,-0.3005280844935115,0.003840614498323467,-0.0016802688430098544,-0.004800768122899337,-0.11598099999999989,-0.10939700000000002,-0.854919,0.09718500000000008,0.17025500000000005,-0.918713,0.21316599999999997,0.27965200000000007,0.06379400000000002,0.0,0.9893775659726731,single,-0.854919
801,3.3375,stand,1.63932,0.584266,0.971665,0.00727,0.009348,-0.754711,0.04679625629953832,0.47948164146869104,0.09191264698825047,-0.19093638853342326,0.18807188943696887,-0.2459009310189776,-0.2620590352772121,1.8917686585074127,-0.3318934485241321,-0.012958963282937596,0.038396928245727206,-0.016798656107512314,-0.11726800000000015,-0.10351199999999994,-0.856685,0.09693599999999991,0.16841700000000004,-0.919166,0.21420400000000006,0.271929,0.06248100000000001,0.0,0.9268856740915961,single,-0.856685
802,3.341667,stand,1.639479,0.586235,0.972076,0.007108,0.009178,-0.754392,0.03815694744415371,0.47252219822411295,0.09863210943125154,-0.007847621409914988,0.11275883146188606,-0.23504780521624966,-0.2738180945524332,1.9042476601870617,-0.3522918166546455,-0.0028797696184598735,0.00671946244301087,-0.01631869450443832,-0.118568,-0.09754599999999997,-0.8585640000000001,0.09676499999999999,0.16647600000000007,-0.919645,0.215333,0.26402200000000003,0.06108099999999994,0.0,0.9701976865687492,single,-0.8585640000000001
803,3.345833,stand,1.639597,0.588264,0.972428,0.006423,0.008781,-0.754024,0.028324531925125265,0.48703792606822355,0.08449351896301868,0.07515908893250346,0.3738333185207347,-0.2718299516506628,-0.28732597215554184,1.9056649063851796,-0.4003840614498644,-0.0012001920306795744,0.0004800768122771597,-0.0038406144983188797,-0.11988299999999996,-0.091636,-0.860584,0.09664200000000012,0.16444899999999996,-0.920013,0.21652500000000008,0.25608499999999995,0.059428999999999954,0.0,0.9932461421763208,single,-0.860584
804,3.35,stand,1.639721,0.590215,0.972781,0.006585,0.008187,-0.753631,0.029757619390450067,0.4682025437964764,0.08471322294217092,-0.2629702627264359,0.1293258445145265,-0.2917840835314896,-0.27621790256775425,1.9313654907606215,-0.3856491480681304,-0.0009599232061710533,-0.005279577633780934,-0.0011999040076805126,-0.12115799999999988,-0.08553900000000003,-0.862544,0.09651399999999999,0.16247599999999995,-0.920371,0.21767199999999987,0.24801499999999999,0.05782700000000007,0.0,0.9908355817635521,single,-0.862544
805,3.354167,stand,1.639826,0.59222,0.973083,0.005862,0.007944,-0.75328,0.025197984161273466,0.4811615070794373,0.07247420206384407,0.1428461795261216,0.33868003388623286,-0.25767169866000167,-0.2870170386369694,1.9402447804176572,-0.4240460763139154,-0.0007199424046017234,-0.007919366450672245,-0.0014398848092151033,-0.1224590000000001,-0.07945899999999995,-0.8646130000000001,0.09640599999999999,0.16043800000000008,-0.920679,0.2188650000000001,0.23989700000000003,0.05606599999999995,0.0,0.9865311109187603,single,-0.8646130000000001
806,3.358333,stand,1.639939,0.594097,0.973432,0.005901,0.007262,-0.75294,0.027124339894389497,0.45055208833412536,0.08377340374458069,-0.2565319687380088,0.20176841775110732,-0.25297772078395736,-0.2854056649063495,1.9851176188189565,-0.39990398463753124,-0.009841574651933896,0.006481036965914188,-0.0014402304368696345,-0.12376100000000001,-0.07306599999999996,-0.866628,0.096252,0.15858800000000006,-0.9210339999999999,0.22001300000000001,0.23165400000000003,0.054405999999999954,0.0,0.9802140134119555,single,-0.866628
807,3.3625,stand,1.640053,0.596053,0.973657,0.005898,0.006324,-0.752557,0.027357811375078638,0.4694024478042136,0.05399568034558219,-0.3354282172655587,0.2978020363764872,-0.2851454061839686,-0.30837532997361156,1.9820014398849037,-0.43460523158149167,-0.00671946244303823,0.004559635229179773,-0.008879289656828413,-0.12515999999999994,-0.06676300000000002,-0.868664,0.09610999999999992,0.15665099999999998,-0.921296,0.22126999999999986,0.223414,0.05263200000000001,0.0,0.9799456825266118,single,-0.868664
808,3.366667,stand,1.640112,0.597956,0.973974,0.005654,0.006107,-0.752208,0.014158867290623387,0.4566834653227435,0.07607391408687122,0.0009339005430368906,0.15694849979488737,-0.2557348332035847,-0.29877609791213455,1.9781617470601147,-0.4521238300935642,-0.003119750419922707,0.006479481641468107,0.0033597312215021048,-0.1264639999999999,-0.060423000000000004,-0.870865,0.09603800000000007,0.154775,-0.9215990000000001,0.22250199999999998,0.215198,0.05073400000000006,0.0,0.9867707900099958,single,-0.870865
809,3.370833,stand,1.640195,0.599801,0.974181,0.005863,0.00546,-0.751854,0.019923187710046322,0.4428708593374784,0.049687950071999894,-0.2976065548964275,0.12941409308677268,-0.26167859916120484,-0.3106096975516306,2.0098415746518805,-0.44095055208832334,-0.003840614498323467,0.007441190590495055,-0.0033605376860297025,-0.1278410000000001,-0.053895000000000026,-0.8729089999999999,0.095939,0.152961,-0.92182,0.2237800000000001,0.20685600000000004,0.04891100000000004,0.01089000000000001,0.9849616369585399,single,-0.8729089999999999
810,3.375,stand,1.640236,0.601745,0.974446,0.005726,0.004499,-0.751411,0.009839212862961268,0.46652267818575344,0.06359491240702732,-0.30083222356313377,0.35362466612657595,-0.32764538956880035,-0.3270938324934162,2.048476121910338,-0.44324454043678563,-0.00791936645072553,0.01103911687064857,-0.008879289656826748,-0.12924500000000005,-0.047302999999999984,-0.875021,0.09586499999999987,0.15106300000000006,-0.922122,0.22510999999999992,0.19836600000000004,0.04710099999999995,0.02899000000000007,0.9729496225599066,single,-0.875021
811,3.379167,stand,1.640282,0.603624,0.974598,0.005964,0.003809,-0.750971,0.01103911687064857,0.4509239260859517,0.03647708183343818,-0.3218809708404827,0.13255102412974987,-0.3235143317796111,-0.3294936405087908,2.0715142788577796,-0.4115670746340467,0.005999520038436506,0.010559155267562993,-0.024238060955125623,-0.1306640000000001,-0.040550000000000086,-0.876888,0.09584400000000004,0.14922799999999992,-0.922375,0.22650800000000015,0.189778,0.045486999999999944,0.04512999999999995,0.954816005798498,single,-0.876888
812,3.383333,stand,1.640263,0.605383,0.974821,0.005599,0.003772,-0.750518,-0.004560729716752455,0.4222275564090031,0.05352856457035001,0.10467475738208064,0.142970044590075,-0.32978774600766697,-0.3468554968794717,2.059529524723907,-0.4438310129620626,-0.004560729716752455,0.015842534805570976,-0.011281805088813525,-0.13209000000000004,-0.03372900000000001,-0.8789600000000001,0.09584400000000004,0.14753499999999997,-0.922645,0.22793400000000008,0.18126399999999998,0.043684999999999974,0.06314999999999998,0.9667056356672044,single,-0.8789600000000001
813,3.3875,stand,1.640327,0.607311,0.974998,0.005989,0.002712,-0.750116,0.01535877129831056,0.4626829853611527,0.04247660187184352,-0.503572162508353,0.19545768594948632,-0.29567602295697337,-0.36693064554830773,2.0902327813773613,-0.39716822654185335,-0.0009599232061710533,0.012239020878334568,-0.0007199424046083076,-0.133683,-0.026947000000000054,-0.880792,0.09577599999999986,0.14565799999999995,-0.922825,0.22945899999999986,0.172605,0.04203299999999999,0.07967000000000002,0.9795038349326834,single,-0.880792
814,3.391667,stand,1.640296,0.609145,0.975125,0.005903,0.002201,-0.749599,-0.007439404847639953,0.4401247900168193,0.030477561795054963,-0.1543126475632491,0.19242707874335083,-0.37750140160801177,-0.3458123350132209,2.112550995920424,-0.40172786177107545,0.00287976961846018,-0.0002399808015427889,0.006239500839934335,-0.1350929999999999,-0.01997800000000005,-0.882593,0.0958190000000001,0.14382299999999992,-0.922926,0.230912,0.16380099999999997,0.04033300000000006,0.09667000000000003,0.9885396778002371,single,-0.882593
815,3.395833,stand,1.640313,0.610914,0.975271,0.006195,0.001666,-0.749212,0.004080652904448696,0.42462794047044194,0.03504560729716166,-0.28365901337970956,0.0642788317646997,-0.2824126790681367,-0.3576572251560131,2.0876140182428506,-0.4063850216034454,-0.004080652904501996,0.0016802688430098544,-0.00072011521843565,-0.13659999999999983,-0.013050000000000006,-0.884432,0.09578500000000001,0.142061,-0.923075,0.23238499999999984,0.155111,0.03864299999999998,0.11357,0.9925476332171821,single,-0.884432
816,3.4,stand,1.640279,0.612774,0.975372,0.006186,0.000876,-0.748749,-0.00815934725218839,0.44636429085677193,0.024238060955128954,-0.2792860721048568,0.2534033141489154,-0.33830555854889116,-0.35109191264700235,2.0851931845453455,-0.4178065754739827,0.0002399808015694321,0.0007199424046283667,0.004079673626110847,-0.13802899999999996,-0.006221000000000032,-0.886274,0.09582000000000002,0.140204,-0.9231590000000001,0.23384899999999997,0.14642500000000003,0.03688500000000006,0.1311500000000001,0.9930839067011369,single,-0.886274
817,3.404167,stand,1.640282,0.61461,0.975467,0.006555,6.3e-05,-0.748283,0.0007199424046016468,0.44060475161983126,0.022798176145896434,-0.40780953754564386,0.1248685398268009,-0.3387684475142905,-0.3556515478761442,2.0871130309573855,-0.4403647708183085,0.006479481641468107,-0.007199424046096397,0.006959443244538647,-0.13951399999999992,0.0006399999999999739,-0.888204,0.09584400000000004,0.13833799999999996,-0.923225,0.23535799999999996,0.137698,0.03502099999999997,0.14979000000000003,0.9801219524201258,single,-0.888204
818,3.408333,stand,1.640257,0.61638,0.975649,0.006454,-0.000556,-0.747815,-0.00600096015361107,0.4248679788766658,0.04368698991839412,-0.1885285985044899,0.23195125739117986,-0.3402991868873876,-0.3216514642343315,2.199231877100511,-0.31156985117621133,-0.0026404224675910027,0.00504080652905675,-0.002640422467594334,-0.1408290000000001,0.008031999999999928,-0.889684,0.095858,0.13658899999999996,-0.923418,0.2366870000000001,0.12855700000000003,0.03373399999999993,0.16266000000000003,0.9895446196628352,single,-0.889684
819,3.4125,stand,1.640236,0.618194,0.975707,0.006848,-0.001328,-0.747338,-0.005039596832264814,0.43532517398605036,0.013918886489080623,-0.4011098391198653,0.10295091377768815,-0.3452219881373657,-0.3314134869210445,2.1019918406526372,-0.38396928245738104,-0.0023998080153743466,0.0043196544276365234,-0.014878809695223368,-0.14218900000000012,0.014977000000000018,-0.891342,0.09586899999999998,0.13479299999999994,-0.923538,0.2380580000000001,0.11981599999999992,0.032196,0.1780400000000001,0.9738701176368931,single,-0.891342
820,3.416667,stand,1.640193,0.620021,0.975833,0.006867,-0.001987,-0.746785,-0.010319174466046847,0.4384449244060731,0.030237580993512175,-0.24074931500329483,0.20111980540677898,-0.4012486106785926,-0.3374130069594098,2.1159107271419164,-0.38420926325895477,-0.010559155267562993,0.01583873290137113,-0.005279577633789822,-0.1435519999999999,0.02196699999999996,-0.8930689999999999,0.09586800000000006,0.13303199999999993,-0.923686,0.23941999999999997,0.11106499999999997,0.030617000000000116,0.19382999999999995,0.9670760489124857,single,-0.8930689999999999
821,3.420833,stand,1.640127,0.621804,0.97596,0.006838,-0.002607,-0.74629,-0.015842534805597625,0.4279884781564883,0.030484877580435856,-0.21166909519339136,0.2061814111674546,-0.3583656550713176,-0.3254920787326207,2.116898703792554,-0.3540566490638415,-0.0062409985597889584,0.014162265962561121,-0.004080652904463687,-0.14484199999999992,0.029003,-0.894671,0.0959080000000001,0.13130799999999998,-0.92383,0.24075000000000002,0.10230499999999998,0.029159000000000046,0.20841000000000004,0.9733243989787426,single,-0.894671
822,3.425,stand,1.640095,0.623589,0.976004,0.00725,-0.003225,-0.745772,-0.007679385649102813,0.4283657307415424,0.010559155267562993,-0.35174410657552135,0.047430613523611075,-0.37223274786151817,-0.32541396688264335,2.1147108231342293,-0.33477321814256233,0.00215982721380517,-0.010319174466046847,0.003119750419966335,-0.14616600000000002,0.036030000000000006,-0.89611,0.09594899999999984,0.12948000000000004,-0.9238609999999999,0.24211499999999986,0.09345000000000003,0.02775099999999997,0.22248999999999997,0.9816755280554265,single,-0.89611
823,3.429167,stand,1.640003,0.62543,0.976111,0.007379,-0.00343,-0.745159,-0.02207823374129479,0.4418046556275451,0.025677945764329666,-0.11319172623160215,0.016177978988707476,-0.4413392495509687,-0.32589392848569415,2.120470362370897,-0.3290136789056702,0.0007199424046016468,0.0011999040076871733,-0.007439404847612517,-0.147432,0.04302499999999998,-0.8975879999999999,0.0960439999999998,0.12764399999999998,-0.9239989999999999,0.2434759999999998,0.084619,0.026410999999999962,0.23589000000000004,0.9873835610786421,single,-0.8975879999999999
824,3.433333,stand,1.639955,0.627191,0.976196,0.007573,-0.004086,-0.744657,-0.0115218434949704,0.42270763322130683,0.020403264522323432,-0.29564305935219604,0.13791659846760437,-0.3608956444605768,-0.30220835333655466,2.106337013922164,-0.30340854536725076,-0.0033605376860197087,0.005520883341333322,-0.0038406144983184703,-0.14864300000000008,0.050038999999999945,-0.898937,0.09607799999999989,0.12590599999999996,-0.9240999999999999,0.24472099999999997,0.07586700000000002,0.025162999999999935,0.2483700000000001,0.9874696273296902,single,-0.898937
825,3.4375,stand,1.639861,0.629011,0.976298,0.007678,-0.004361,-0.744113,-0.02255819534438272,0.4367650587953002,0.024478041756671745,-0.1307958653316804,0.04740114036772449,-0.3905654999115616,-0.31485481161508033,2.1058315334774127,-0.2963762898968218,-0.00215982721380517,0.003119750419949683,0.0026397888168940785,-0.14986100000000002,0.05699399999999999,-0.900274,0.096163,0.12409899999999996,-0.924191,0.24602400000000002,0.06710499999999997,0.023916999999999966,0.26083000000000006,0.9922960722005538,single,-0.900274
826,3.441667,stand,1.639745,0.630826,0.976395,0.008114,-0.004516,-0.743554,-0.027837772978164217,0.4355651547876395,0.02327813774898444,-0.19404071107621004,-0.10937210925112839,-0.39923957179378,-0.28485721142311093,2.0866330693545487,-0.274298056155518,-0.004319654427663628,-0.006719462442984944,-0.006959443244541054,-0.15093200000000007,0.06387399999999999,-0.901514,0.09626099999999993,0.12225600000000003,-0.924317,0.247193,0.058382000000000045,0.022803000000000018,0.27196999999999993,0.9823424205626476,single,-0.901514
827,3.445833,stand,1.639672,0.632624,0.976483,0.007976,-0.004951,-0.742932,-0.01752280364858083,0.4315890542486599,0.02112337974075242,-0.10964757583028215,0.1849727188131022,-0.4475938581712587,-0.2962073931828909,2.066250600095973,-0.268602976476231,-0.020403264522296783,0.03336533845415181,-0.032885261641861376,-0.15209300000000003,0.07068400000000008,-0.902721,0.09624900000000003,0.12059700000000007,-0.924542,0.24834200000000006,0.049912999999999985,0.02182099999999998,0.2817900000000001,0.9148370932568286,single,-0.902721
828,3.45,stand,1.63953,0.634454,0.976556,0.008106,-0.005127,-0.742296,-0.034077273818113235,0.439164866810628,0.017518598512115503,-0.10334291217604308,0.00607990619674222,-0.4549912824514191,-0.27357811375086377,2.0631149508038016,-0.2356611471082162,-0.008879289656842454,0.01559875209982668,-0.0007199424046083076,-0.15309099999999987,0.07745100000000005,-0.903776,0.09635400000000005,0.11883200000000005,-0.9246179999999999,0.24944499999999992,0.041381,0.020841999999999916,0.29158,0.9700611192525361,single,-0.903776
829,3.454167,stand,1.639459,0.636277,0.976603,0.008465,-0.005477,-0.741776,-0.01703863690903179,0.43748500119992856,0.01127909767219136,-0.23920739513981548,-0.018773992354932077,-0.37041747448827517,-0.25821934245263406,2.0386369090473764,-0.22270218382530374,-0.026637868970476913,0.04559635229182437,-0.055915526757861225,-0.154096,0.08412300000000006,-0.904751,0.09631400000000001,0.11719900000000005,-0.924898,0.25041,0.033075999999999994,0.020147000000000026,0.29853,0.8718166510833283,single,-0.904751
830,3.458333,stand,1.639298,0.63814,0.97674,0.00815,-0.005444,-0.741077,-0.0386461833893599,0.4471915506481056,0.0328852616418747,0.11447797764926693,0.09666724150958692,-0.5024174283384649,-0.2402784445511287,1.9999999999999467,-0.21171387421986793,0.0033605376860197087,0.002400384061438842,0.016322611617858078,-0.15493599999999996,0.090592,-0.9057700000000001,0.09648900000000005,0.11534599999999995,-0.9249670000000001,0.251425,0.024753999999999943,0.01919700000000002,0.3080299999999999,0.971938425481284,single,-0.9057700000000001
831,3.4625,stand,1.639195,0.63993,0.976733,0.008404,-0.005717,-0.740466,-0.024718022558187887,0.42956563474922965,-0.001679865610772879,-0.1779307307363147,-0.006513808643563607,-0.4348815307567144,-0.26541876649870455,1.9584833213343764,-0.19222462203024876,0.011279097672218002,0.0074394048476133096,0.021838252939766007,-0.15593900000000005,0.09696300000000002,-0.9065639999999999,0.09663900000000014,0.113587,-0.9248689999999999,0.2525780000000002,0.016623999999999972,0.018305000000000016,0.31695000000000007,0.9571996858705931,single,-0.9065639999999999
832,3.466667,stand,1.639028,0.641821,0.976865,0.008275,-0.005792,-0.739712,-0.04007679385649582,0.4538036957043103,0.03167746580273889,0.0162363092114051,0.06471511924657766,-0.5391868962053453,-0.2150227981761347,1.9529637628988439,-0.1490280777537698,0.01943844492440432,-0.03407727381808659,-0.016078713702902217,-0.15666800000000003,0.10321000000000002,-0.9073169999999999,0.09688700000000017,0.11155400000000004,-0.925068,0.2535550000000002,0.008344000000000018,0.017751000000000072,0.32249000000000005,0.9293357161114799,single,-0.9073169999999999
833,3.470833,stand,1.638939,0.643666,0.976918,0.008236,-0.005974,-0.739058,-0.021363418146906576,0.4428708593375256,0.012722035525677853,-0.051003986313300886,0.06804723379079747,-0.46670572260607235,-0.19035045607294393,1.8984637542008356,-0.1884301488238253,-0.026884301488267134,0.030004800768108648,-0.00984157465194494,-0.15737199999999985,0.1092740000000001,-0.9081549999999999,0.09686400000000006,0.10983399999999999,-0.9251619999999999,0.2542359999999999,0.0005599999999998939,0.017006999999999994,0.32993,0.9308803306802105,single,-0.9081549999999999
834,3.475,stand,1.638718,0.645532,0.976933,0.008161,-0.005682,-0.738295,-0.05303575713943203,0.4478041756659277,0.0035997120230615203,0.12895722398366233,-0.07321999074408195,-0.5436918161304576,-0.21550275977922023,1.8543316534675924,-0.1375089992800502,-0.010559155267561867,0.017038636909056618,-0.009359251259899672,-0.15804899999999988,0.11513499999999999,-0.9087430000000001,0.09704100000000015,0.108039,-0.925216,0.25509000000000004,0.007095999999999991,0.01647299999999996,0.33526999999999996,0.9631291107063716,single,-0.9087430000000001
835,3.479167,stand,1.638611,0.647399,0.977042,0.007934,-0.005606,-0.737612,-0.025677945764305758,0.44804415646749157,0.026157907367391337,0.10148321227008206,0.051117210840056715,-0.48716549894822103,-0.19438444924406392,1.788816894648527,-0.12071034317255254,-0.0023998080153746024,-0.0023998080153479593,-0.0016798656107512315,-0.158752,0.12072200000000011,-0.9093549999999999,0.09713799999999995,0.10616200000000009,-0.9253319999999999,0.25588999999999995,0.014560000000000017,0.01597700000000002,0.34023000000000003,0.9936886113758607,single,-0.9093549999999999
836,3.483333,stand,1.6384,0.649299,0.976988,0.007774,-0.005162,-0.736774,-0.05064810369658076,0.4560729716754587,-0.012962073931828376,0.2103341306197458,-0.09292228431144109,-0.5961388544929677,-0.18650984157465347,1.7342774843974382,-0.12289966394622769,-0.0031204992798944792,0.02688430148823762,0.003600576092174919,-0.15931800000000007,0.12604700000000002,-0.909813,0.09733599999999987,0.10437400000000008,-0.925263,0.25665399999999994,0.021672999999999942,0.015449999999999964,0.34550000000000003,0.954494587304188,single,-0.909813
837,3.4875,stand,1.638278,0.651188,0.976859,0.007715,-0.004578,-0.736094,-0.02927765778742095,0.45332373410129967,-0.030957523398113897,0.22675588223028476,-0.1730214162823866,-0.482069645993926,-0.1387089032877355,1.7093832493401286,-0.08015358771298685,0.005279577633781497,-0.0023998080153746024,-0.0026397888168940785,-0.15977399999999986,0.13128099999999998,-0.910018,0.09748000000000001,0.10247499999999998,-0.925145,0.25725399999999987,0.028806,0.015127000000000002,0.3487300000000001,0.9893801151529076,single,-0.910018
838,3.491667,stand,1.638023,0.653006,0.976727,0.007273,-0.002777,-0.735335,-0.06119510439161955,0.43628509719219477,-0.03167746580273889,0.7813130604036551,-0.43354957944646405,-0.5376310007238516,-0.11855051595871474,1.6671466282696457,-0.04007679385648916,-0.012718982481366808,0.012239020878334568,-0.017038636909046626,-0.16001299999999996,0.13641000000000003,-0.910053,0.09768200000000005,0.10070800000000002,-0.925084,0.257695,0.03570200000000001,0.015031000000000017,0.34969000000000006,0.9591112180849091,single,-0.910053
839,3.495833,stand,1.637988,0.655168,0.976568,0.0061,-0.002137,-0.734536,-0.008401344215075922,0.5189630340854388,-0.038166106577056144,0.6095456334158237,0.20191713337507394,-0.5695690578625913,-0.15362457993277878,1.5504080652904022,-0.11017762842054453,-0.00864138262125445,0.028804608737399352,-0.010801728276524758,-0.16061799999999993,0.14070700000000003,-0.910353,0.0976809999999999,0.09866600000000003,-0.92497,0.25829899999999983,0.042040999999999995,0.014616999999999991,0.35383000000000003,0.9467433803832421,single,-0.910353
840,3.5,stand,1.637866,0.657309,0.97652,0.005804,-0.000589,-0.733871,-0.029277657787367663,0.5137988960883507,-0.011519078473707506,0.6435858921371294,-0.4024775033550918,-0.46794201060415375,-0.15454763618913328,1.4946004319655137,-0.07559395248380375,0.0019198464122890248,0.0023998080153479593,0.01127909767218803,-0.16114000000000006,0.14479399999999998,-0.9106200000000001,0.09781099999999987,0.09653499999999993,-0.924875,0.25895099999999993,0.04825900000000005,0.014254999999999907,0.35745000000000005,0.9805161795715247,single,-0.9106200000000001
841,3.504167,stand,1.637815,0.65923,0.976604,0.007645,-0.000621,-0.733547,-0.012239020878335873,0.4610031197504291,0.020158387329008116,-0.610642151363613,-0.639019069290441,-0.22213973124994746,-0.11111111111108743,1.4288456923446813,-0.07895368370530621,-0.007679385649102813,0.00143988480923009,0.011519078473722492,-0.16155199999999992,0.14882700000000004,-0.911033,0.09783000000000008,0.09462000000000004,-0.924911,0.259382,0.054207000000000005,0.013878000000000057,0.36122,0.9768018558515704,single,-0.911033
842,3.508333,stand,1.637426,0.660975,0.976762,0.007422,-0.000963,-0.732406,-0.09337493999038936,0.4188670187229834,0.03792606817090426,-0.04350491806992366,0.18555711456124266,-0.8070901079796167,-0.0772923667787198,1.3617378780604352,-0.06337013922227391,-0.010321651464237655,0.005040806529029563,0.011521843494958741,-0.1614850000000001,0.15275499999999997,-0.911455,0.09817600000000004,0.09289599999999998,-0.925021,0.25966100000000014,0.059858999999999996,0.013565999999999967,0.36434,0.9728840403219274,single,-0.911455
843,3.5125,stand,1.637063,0.662624,0.976849,0.008374,-0.000665,-0.731781,-0.08711303095754526,0.39572834173264004,0.020878329733607613,-0.20426513482562372,-0.43456327820236196,-0.43508953613882934,-0.09143268538515514,1.2846172306214845,-0.08327333813294431,-0.0023998080153743466,0.005759539236866461,0.0014398848092149498,-0.16150299999999995,0.15645900000000001,-0.911889,0.09852900000000009,0.09127099999999999,-0.925102,0.26003200000000004,0.06518800000000002,0.01321300000000003,0.36787,0.9893275225468774,single,-0.911889
844,3.516667,stand,1.636956,0.664867,0.97677,0.007892,0.000444,-0.730846,-0.025677945764305758,0.5382769378449958,-0.018958483321320815,0.5509240921693683,-0.19752943221249353,-0.6559119564069897,-0.059515238780906476,1.2234221262299687,-0.09191264698824714,-0.0026397888168907483,0.005279577633781497,-0.0007199424046083842,-0.16164400000000012,0.15931400000000007,-0.912193,0.09862499999999996,0.08904999999999996,-0.925026,0.2602690000000001,0.0702640000000001,0.012832999999999983,0.37167000000000006,0.9900891835106423,single,-0.912193
845,3.520833,stand,1.636775,0.666861,0.976794,0.007869,0.000954,-0.730026,-0.04344695151223758,0.4786365818530957,0.0057609217474852,0.18997316593133476,-0.16195196150453223,-0.5744425805688558,-0.0444071051367918,1.1481036965914189,-0.11329812770042902,-0.0026404224675907213,0.004560729716779104,-0.0019203072491600678,-0.16164800000000001,0.162103,-0.9126890000000001,0.09879499999999997,0.08707500000000001,-0.925058,0.260443,0.07502799999999998,0.012368999999999963,0.37631000000000003,0.990651847139074,single,-0.9126890000000001
846,3.525,stand,1.636445,0.668616,0.976715,0.008216,0.00142,-0.729181,-0.07919366450688231,0.42116630669547184,-0.018958483321347457,0.05323642310559929,-0.27720940906112507,-0.5894976532849732,-0.03215742740582784,1.091432685385218,-0.11831053515719125,0.0014398848092034469,0.001679865610746236,-0.008879289656826748,-0.16145199999999993,0.16489600000000004,-0.913103,0.09913100000000008,0.08532700000000004,-0.925016,0.260583,0.079569,0.011912999999999951,0.38087,0.984748679333709,single,-0.913103
847,3.529167,stand,1.63625,0.670679,0.976721,0.007943,0.001809,-0.72814,-0.046796256299480046,0.49508039356849326,0.0014398848092032936,0.2308880915522668,-0.035560983885649246,-0.7286455736067355,0.012239020878334568,1.0023998080152945,-0.16774658027356915,-0.00191984641228882,0.0014398848092032936,-0.011519078473721264,-0.16120599999999996,0.16701,-0.913808,0.09931800000000002,0.08326999999999996,-0.92507,0.260524,0.08374000000000004,0.011261999999999994,0.38738000000000006,0.9803893277783711,single,-0.913808
848,3.533333,stand,1.636046,0.672654,0.976532,0.007725,0.002532,-0.727263,-0.048967834853602774,0.47407585213636716,-0.045367258761404156,0.32877203888177486,-0.16422427637700826,-0.6107116896402934,-0.02520403264523045,0.9488718194911899,-0.12313970235238603,-0.0024003840614657476,0.012962073931829758,0.0016802688430150303,-0.1611069999999999,0.16898800000000003,-0.914132,0.09951200000000004,0.081349,-0.924874,0.26061899999999993,0.08763900000000002,0.01074200000000003,0.39258000000000004,0.9778514793796286,single,-0.914132
849,3.5375,stand,1.635708,0.674398,0.976652,0.008359,0.002342,-0.726278,-0.0811135109191094,0.41852651787856315,0.02879769618430566,-0.27012042632505845,-0.16110843680394432,-0.6879101216583985,0.01559875209982668,0.8682505399567529,-0.20518358531316117,-0.0031197504199759933,-0.00383969282457764,-0.00383969282457431,-0.16070399999999996,0.17086199999999996,-0.915107,0.09983699999999995,0.07958899999999991,-0.92501,0.2605409999999999,0.09127300000000005,0.009902999999999995,0.40097,0.9895624443238822,single,-0.915107
850,3.541667,stand,1.635471,0.676374,0.976661,0.008511,0.003032,-0.725345,-0.05687544996401573,0.47420206383490954,0.002159827213831814,0.19535572084529715,-0.2832588653717054,-0.6464647265437231,0.008639308855273968,0.8027357811375558,-0.16558675305976353,-0.0028797696184068937,0.0009599232061445124,-0.011279097672186364,-0.160431,0.17223100000000002,-0.915806,0.1000620000000001,0.07761699999999994,-0.9250659999999999,0.2604930000000001,0.09461400000000009,0.009259999999999935,0.40740000000000004,0.9805326077535683,single,-0.915806
851,3.545833,stand,1.635295,0.678325,0.976365,0.008519,0.00345,-0.724461,-0.04224675948150484,0.4683149303888314,-0.07105136821890419,0.1479915263864295,-0.14317489163641156,-0.6135708327229616,0.004560729716752455,0.7277964474315508,-0.1961113778204455,-0.0026404224675907213,0.006000960153637079,-0.004560729716755786,-0.16023600000000005,0.17331200000000002,-0.916327,0.10022700000000007,0.07569100000000006,-0.9247890000000001,0.2604630000000001,0.09762099999999996,0.00846200000000008,0.41537999999999997,0.9866892264685292,single,-0.916327
852,3.55,stand,1.634929,0.680189,0.976455,0.00869,0.003709,-0.723265,-0.08783297336210298,0.44732421406291645,0.021598272138211562,0.040587964285849105,-0.1479573786051125,-0.8302173884776334,0.018958483321374103,0.6640268778498203,-0.1574274058075435,-0.001679865610772879,0.004079673626094195,-0.0011999040076789752,-0.15979100000000002,0.174215,-0.9170729999999999,0.10058599999999984,0.07384399999999991,-0.9248839999999999,0.26037699999999986,0.1003710000000001,0.007811000000000012,0.42189,0.9923795860798208,single,-0.9170729999999999
853,3.554167,stand,1.634695,0.682051,0.976298,0.009045,0.003999,-0.722425,-0.05615550755940802,0.4468442524597566,-0.03767698584112147,-0.011845859643821094,-0.22129466342534465,-0.5808648475049861,0.024478041756669136,0.5862730981521056,-0.1718262538996762,-0.002639788816890467,0.0028797696184332303,0.0,-0.1594549999999999,0.17479600000000006,-0.917632,0.10080899999999993,0.071994,-0.924727,0.26026399999999983,0.10280200000000006,0.0070949999999999624,0.42904999999999993,0.9934889926421502,single,-0.917632
854,3.558333,stand,1.634369,0.684006,0.97619,0.008953,0.004766,-0.721286,-0.07825252040327402,0.4692750840134389,-0.025924147863656752,0.30387478626250086,-0.22534430013828272,-0.7851785712367543,-0.006721075372092717,0.5300048007681054,-0.1409025444071023,-0.0024003840614121924,0.004560729716752455,0.0016802688430148512,-0.159157,0.175049,-0.918111,0.10112500000000013,0.07005799999999995,-0.924612,0.2602820000000001,0.10499100000000006,0.006500999999999979,0.43499,0.99096528261274,single,-0.918111
855,3.5625,stand,1.634022,0.685777,0.976256,0.009473,0.004782,-0.72036,-0.08327333813292322,0.4250059995200499,0.01583873290137113,-0.1610847033098963,-0.1871294064523378,-0.6398841077153546,-0.0501559875209775,0.4677225821934407,-0.0746340292776609,0.009119270458359545,-0.003359731221492472,-0.0002399808015361281,-0.15901900000000002,0.17522700000000002,-0.918488,0.10150999999999999,0.06827300000000003,-0.924679,0.260529,0.106954,0.006191000000000058,0.43809,0.9837975929121553,single,-0.918488
856,3.566667,stand,1.633715,0.687743,0.975997,0.009713,0.005644,-0.719328,-0.07367410607153138,0.4718022558195616,-0.06215502759779723,0.2253336714375214,-0.3721660122882797,-0.7066363603532393,-0.0921526277898199,0.4098872090233071,-0.06503479721622576,0.003359731221492472,-0.0002399808015427889,-0.0007199424046067191,-0.15909600000000013,0.17496900000000004,-0.9185,0.101831,0.06630599999999998,-0.924423,0.26092700000000013,0.10866300000000007,0.005923000000000012,0.44077,0.9942593792119157,single,-0.9185
857,3.570833,stand,1.633404,0.689656,0.975739,0.009496,0.006585,-0.718328,-0.07465194431107577,0.4591934709553531,-0.06192990878539928,0.4048253435407347,-0.24071565721308189,-0.6838237619713262,-0.12722035525681827,0.36773883821409886,-0.07297167546807258,0.0012001920307327459,0.0028804608737426,-0.002400384061450501,-0.1593150000000001,0.17458799999999997,-0.918546,0.10214699999999999,0.06440499999999993,-0.924175,0.2614620000000001,0.11018300000000003,0.005628999999999995,0.44371,0.993438462367228,single,-0.918546
858,3.575,stand,1.633007,0.691484,0.975817,0.009881,0.006664,-0.71723,-0.09527237820973279,0.43868490520754244,0.018718502519802675,-0.09269910651480223,-0.1605575410668607,-0.7556524894473337,-0.17302615790735007,0.28149748020156184,-0.0772738180945484,-0.004079673626147046,0.0028797696184332303,-0.0009599232061427448,-0.1596390000000001,0.173933,-0.918946,0.10252699999999981,0.062589,-0.924257,0.2621659999999999,0.111344,0.005310999999999955,0.44689,0.9915248299733833,single,-0.918946
859,3.579167,stand,1.632645,0.69337,0.975635,0.010102,0.007357,-0.716241,-0.0868730501560384,0.45260379169669795,-0.043676505879535345,0.17259580715426323,-0.3092904899288365,-0.6748005848153619,-0.17350611951045408,0.19702423806095468,-0.09647228221742692,-0.003359731221492472,0.005279577633781497,-0.0009599232061445124,-0.15999999999999992,0.1728679999999999,-0.919166,0.10287500000000005,0.06072499999999992,-0.924079,0.26287499999999997,0.11214299999999999,0.004912999999999945,0.48471008130460624,0.9894481193838502,single,-0.919166
860,3.583333,stand,1.63224,0.695192,0.975561,0.010245,0.007853,-0.715149,-0.09721555448871282,0.43734997599614506,-0.01776284205473271,0.13189916109037955,-0.2166839089084886,-0.7462483217117983,-0.1670667306769109,0.13898223715794056,-0.09625540086413528,-0.0057609217474852,0.004320691310627225,-0.003120499279884486,-0.16029099999999996,0.17162499999999992,-0.919493,0.10325600000000001,0.058921,-0.924018,0.263547,0.11270399999999992,0.004525000000000001,0.5586143016590959,0.9869196809695149,double,-0.919493
861,3.5875,stand,1.631886,0.697122,0.97529,0.010221,0.008952,-0.714076,-0.0849532037436961,0.46316294696426097,-0.06503479721623076,0.3946499017627711,-0.36158200262215934,-0.7264905471142552,-0.15070794336450194,0.09503239740822679,-0.0523158147348243,-0.005759539236867074,0.004799616030722562,-0.0004799616030722562,-0.16056499999999985,0.170091,-0.91944,0.10358599999999996,0.057011000000000034,-0.923749,0.2641509999999998,0.11307999999999996,0.004309000000000007,0.6474257281788444,0.9874790210043077,double,-0.91944
862,3.591667,stand,1.631516,0.699018,0.97498,0.009946,0.009614,-0.713053,-0.08879289656826468,0.45500359971199744,-0.07439404847612517,0.32875347848570474,-0.12870658966383672,-0.694650283012826,-0.15838732901369446,0.052555795536346504,-0.049676025917923264,-0.0062395008398987,0.00407967362609376,-0.0002399808015344373,-0.16085499999999997,0.16841399999999995,-0.919337,0.10393000000000008,0.05513199999999996,-0.9234399999999999,0.26478500000000005,0.113282,0.004102999999999968,0.6687767445288076,0.9875687782834637,double,-0.919337
863,3.595833,stand,1.631084,0.700799,0.974896,0.010436,0.010182,-0.711941,-0.10369659145463807,0.4275084013442301,-0.020163226116173702,0.03999398594685184,-0.359049115780393,-0.7551060863271554,-0.15194431108981177,0.009121459433505882,-0.08161305808930076,-0.0074411905905224975,0.006000960153637719,-0.002160345655305515,-0.1610560000000001,0.166671,-0.919593,0.10433099999999995,0.05337600000000009,-0.923365,0.26538700000000004,0.11329499999999992,0.0037719999999999976,0.6744192796978112,0.9836658220013963,double,-0.919593
864,3.6,stand,1.630726,0.702641,0.974769,0.010572,0.010302,-0.711041,-0.08591312694985809,0.4420446364290612,-0.030477561795051716,0.004117211122014649,-0.08698438949338061,-0.6132675398501162,-0.1384689224861513,-0.03887688984880864,-0.08975281977441242,-0.015358771298257275,0.014398848092139508,-0.007199424046076415,-0.16127499999999984,0.164667,-0.91984,0.10462500000000019,0.05159400000000003,-0.923268,0.2659,0.11307299999999998,0.0034279999999999866,0.6831690030481699,0.9629171202736393,double,-0.91984
865,3.604167,stand,1.630327,0.70447,0.974674,0.010941,0.010775,-0.710045,-0.09575233981277523,0.43892488600915863,-0.022798176145898866,0.046885848704928505,-0.2856638833437893,-0.674710646191752,-0.11231101511882802,-0.07511399088073482,-0.06623470122390475,-0.010559155267616279,0.009839212862961268,-0.005279577633789822,-0.16134400000000015,0.16252499999999992,-0.9200210000000001,0.10497999999999985,0.049805999999999906,-0.923195,0.266324,0.11271900000000001,0.003173999999999899,0.7174673045694653,0.9743864288511221,double,-0.9200210000000001
866,3.608333,stand,1.629867,0.706349,0.97439,0.010165,0.011796,-0.70885,-0.11041766682671973,0.45103216514640243,-0.06817090734518824,0.622772927446972,-0.0806260411150479,-0.8028661037573537,-0.09337493999038936,-0.10465674507920787,-0.07993278924627721,-0.010081613058059127,0.0062409985597889584,0.0002400384061452167,-0.161273,0.16020999999999996,-0.9200699999999999,0.1053980000000001,0.04795300000000002,-0.92291,0.2666710000000001,0.11225699999999994,0.0028400000000000647,0.70254215561275,0.9802342465562177,double,-0.9200699999999999
867,3.6125,stand,1.629478,0.708075,0.974425,0.011061,0.011803,-0.707965,-0.09335253179745391,0.4142068634509441,0.008399328053757822,-0.2915966742454974,-0.30656525573397014,-0.6026116141885947,-0.06719462443006258,-0.1065514758819343,-0.041756659467244654,-0.007679385649156099,0.009119270458359545,-0.0023998080153579504,-0.16116400000000008,0.15803999999999996,-0.920279,0.10575500000000004,0.046265,-0.922955,0.26691900000000013,0.11177499999999996,0.0026760000000000117,0.752056609682906,0.9797314463493767,double,-0.920279
868,3.616667,stand,1.629019,0.709928,0.97414,0.010852,0.012621,-0.706866,-0.11015118790495781,0.4446844252459517,-0.06839452843771594,0.36078172246019524,-0.2058600454683969,-0.7366043094296363,-0.05207583393326098,-0.09455243580513113,-0.039836813054953055,-0.0095992320614441,0.0079193664506714,0.0009599232061427448,-0.160922,0.15579299999999996,-0.92016,0.10617399999999999,0.04444499999999996,-0.922666,0.267096,0.111348,0.0025060000000000082,0.7831717133817242,0.9791978183762183,double,-0.92016
869,3.620833,stand,1.628541,0.711683,0.974024,0.010959,0.013222,-0.705897,-0.11473835813729365,0.4212674027844222,-0.027844455112818484,0.17847608228354417,-0.23959792216089792,-0.6508987080976182,-0.05088814210270599,-0.06697071531442884,-0.060249639942389424,-0.009601536245808668,0.009601536245808668,0.001200192030724418,-0.1606559999999999,0.1537590000000001,-0.920295,0.10661199999999993,0.042730000000000046,-0.922545,0.26726799999999984,0.11102900000000004,0.0022499999999999742,0.8050608091917373,0.9772807315338224,double,-0.920295
870,3.625,stand,1.628113,0.713449,0.973952,0.011439,0.013408,-0.704941,-0.10271178305738289,0.42380609551238924,-0.017278617710574578,-0.08910620934132064,-0.22490352194612126,-0.6454530245625291,-0.05399568034560884,-0.030957523398140542,-0.04223662107031525,-0.012718982481368163,0.008639308855300612,0.0004799616030722562,-0.16045299999999996,0.151864,-0.9203990000000001,0.10698700000000017,0.041000000000000036,-0.922471,0.2674400000000001,0.11086399999999996,0.0020719999999999628,0.8539157096036494,0.9743614582665163,double,-0.9203990000000001
871,3.629167,stand,1.627665,0.715197,0.973894,0.011729,0.013887,-0.7041,-0.10751139908807882,0.4194864410847256,-0.013918886489082108,0.07329527590343886,-0.26046499470168294,-0.5632227125265238,-0.0578353731701336,-0.005759539236867074,-0.07199424046076683,-0.009839212863014556,0.010319174466046847,0.0004799616030722562,-0.1602459999999999,0.150092,-0.920641,0.10739399999999999,0.03929500000000008,-0.9224110000000001,0.2676399999999999,0.11079699999999992,0.0017700000000000493,0.828088084645112,0.9762229198500338,double,-0.920641
872,3.633333,stand,1.627198,0.71692,0.97379,0.01226,0.01416,-0.703189,-0.11209793566970293,0.41358617378780194,-0.024963994239075887,-0.07760647826824527,-0.2717354106831387,-0.6126275947047354,-0.05112818050888452,0.02088334133462719,-0.07273163706192903,-0.009601536245755368,0.00864138262120115,0.0021603456553052846,-0.1599919999999999,0.14845600000000003,-0.9208400000000001,0.10782100000000017,0.037607999999999975,-0.9222980000000001,0.2678130000000001,0.11084800000000006,0.0014579999999999593,0.8332131249074709,0.9781717508950909,double,-0.9208400000000001
873,3.6375,stand,1.626721,0.718684,0.973663,0.012608,0.014795,-0.702329,-0.1144708423325677,0.42332613390925855,-0.030477561795078358,0.10633439033582379,-0.33348540124433046,-0.5724710437000011,-0.04103671706261358,0.03575713942883265,-0.06551475881928938,-0.009359251259927981,0.008399328053756927,0.0,-0.159686,0.146841,-0.920986,0.10825899999999988,0.035878999999999994,-0.922171,0.2679449999999999,0.110962,0.0011849999999999916,0.8461917824522571,0.9790407607285865,double,-0.920986
874,3.641667,stand,1.626262,0.720386,0.973704,0.013119,0.01519,-0.701439,-0.11015118790496956,0.40844732421407703,0.009839212862987912,-0.029849093652464312,-0.3064384709110018,-0.5951023501690805,-0.009119270458359545,0.03527717782577752,-0.07367410607151806,-0.009839212862961268,0.009839212862987912,0.0019198464122856943,-0.159265,0.14528600000000003,-0.921334,0.10867699999999991,0.03421800000000008,-0.922204,0.2679419999999999,0.11106799999999994,0.0008700000000000374,0.8543134406990402,0.9765890558728629,double,-0.921334
875,3.645833,stand,1.625779,0.72206,0.973692,0.013731,0.015678,-0.700679,-0.1159385501680264,0.4018242918867063,-0.0028804608737426,-0.0348822274416764,-0.37249771342225335,-0.5054716912267601,0.006481036965914188,0.03360537686030369,-0.05040806529044554,-0.009841574651933896,0.009841574651933896,0.0019203072491600678,-0.15875499999999998,0.143752,-0.921532,0.10911899999999997,0.032584999999999975,-0.922184,0.26787399999999995,0.11116700000000002,0.0006519999999999859,0.8919322794117301,0.9765834363471808,double,-0.921532
876,3.65,stand,1.625246,0.723809,0.973637,0.014074,0.016078,-0.699775,-0.12790976721865635,0.4197264218862684,-0.013198944084480383,0.029655039621920117,-0.25167241452854106,-0.6022967266845701,0.007679385649102813,0.01751859851211737,-0.056635469162469615,-0.006239500839952652,0.009119270458359545,0.0002399808015361281,-0.15819000000000005,0.14207599999999998,-0.921713,0.109626,0.030873999999999957,-0.922128,0.26781600000000005,0.11120200000000002,0.0004149999999999432,0.896219423688343,0.98157974731673,double,-0.921713
877,3.654167,stand,1.624778,0.725495,0.973613,0.014189,0.016736,-0.698968,-0.11231101511876276,0.4046076313894559,-0.005759539236866461,0.1930431137312573,-0.26360830438252697,-0.532971973293514,0.014158867290623387,-0.003599712023034877,-0.050395968322529905,-0.00767938564915528,0.00887928965681581,0.001919846412287155,-0.1576630000000001,0.14037500000000003,-0.9218989999999999,0.11006199999999988,0.029224999999999945,-0.9220959999999999,0.267725,0.11115000000000008,0.00019700000000000273,0.9105786631706316,0.9801743320832101,double,-0.9218989999999999
878,3.658333,stand,1.624256,0.727173,0.973636,0.014419,0.016968,-0.698117,-0.12530004800772318,0.4027844455113035,0.00552088334133391,0.011351010061155024,-0.1559935347039906,-0.5677957630825875,0.004800768122931495,-0.016802688430153635,-0.05304848775804691,-0.008401344215076817,0.008641382621228723,-0.0007201152184357268,-0.15712099999999984,0.13862700000000006,-0.9221429999999999,0.11054900000000001,0.027583000000000024,-0.922122,0.26766999999999985,0.11104400000000003,2.0999999999937735e-05,0.9069122312834306,0.9796671381981629,double,-0.922122
879,3.6625,stand,1.623785,0.728787,0.973521,0.014797,0.017205,-0.697302,-0.11303095752336441,0.3873290136788831,-0.027597792176618487,-0.038388138404202285,-0.20734861068393942,-0.5427274820837426,0.011519078473679634,-0.03215742740579777,-0.05495560355171252,-0.006719462442984227,0.0095992320614441,0.0014398848092166152,-0.15660200000000013,0.13687900000000008,-0.922257,0.11099199999999998,0.02600900000000006,-0.922001,0.2675940000000001,0.11087000000000002,0.000256000000000034,0.8921561356510804,0.9777641758639395,double,-0.922001
880,3.666667,stand,1.6232,0.730349,0.973517,0.015247,0.017634,-0.696336,-0.14038876889850838,0.3748500119990724,-0.0009599232061445124,0.0033538409126390566,-0.2973815614801961,-0.6407352423340207,0.02111831053517927,-0.02711783057356249,-0.0463162946964261,-0.009359251259928978,0.009119270458359545,-0.005039596832253694,-0.15592899999999998,0.135204,-0.922446,0.11153799999999991,0.02448499999999998,-0.922018,0.2674669999999999,0.11071900000000001,0.00042799999999998395,0.9038727849658056,0.9723774890625819,double,-0.922018
881,3.670833,stand,1.62273,0.731953,0.973466,0.015786,0.017765,-0.695547,-0.11281805088813192,0.3850216034565278,-0.012241958713372738,-0.12965746820879842,-0.22472417022180285,-0.5260385528649217,0.02616418626978198,-0.022323571771485164,-0.02856457033125247,-0.006481036965914188,0.008641382621227801,0.0016802688430148512,-0.1553500000000001,0.13350700000000004,-0.9225140000000001,0.11198099999999989,0.022917000000000076,-0.92196,0.267331,0.11058999999999997,0.0005540000000000544,0.9254859972517178,0.9762406088386263,double,-0.92196
882,3.675,stand,1.622121,0.733513,0.973457,0.016027,0.018085,-0.69464,-0.14614830813537544,0.3743700503959868,-0.002159827213831814,0.03804547965622554,-0.19024898406495788,-0.6006660571410206,0.034077273818116864,-0.017278617710574578,-0.02975761939044991,-0.007199424046070521,0.011759059275250294,0.0014398848092151033,-0.15459899999999993,0.13187500000000008,-0.922629,0.11256,0.021406000000000036,-0.921945,0.2671589999999999,0.11046900000000004,0.0006840000000000179,0.919285703926167,0.9700551394064054,double,-0.921945
883,3.679167,stand,1.621635,0.735077,0.973464,0.016943,0.018573,-0.693773,-0.11663066954642592,0.3753299736020913,0.0016798656107460568,-0.1396814617045117,-0.4734878494247261,-0.5710928461302326,0.04103671706261358,-0.012239020878334568,-0.042236621070310745,-0.006479481641468107,0.0095992320614441,0.0007199424046066424,-0.15394200000000002,0.13026000000000004,-0.922812,0.11301899999999998,0.019882000000000066,-0.921949,0.266961,0.11037799999999998,0.0008629999999999471,0.8997539424608084,0.9720303993220639,double,-0.921949
884,3.683333,stand,1.621032,0.736629,0.973454,0.017305,0.018662,-0.692951,-0.1447431589053991,0.3725396063370032,-0.002400384061438842,-0.08175994322312101,-0.1510444258130148,-0.546658860143466,0.056649063850244485,-0.013202112337980255,-0.05376860297647524,-0.007201152184343176,0.01200192030724751,0.0019203072491600678,-0.153103,0.12865300000000002,-0.923026,0.11359199999999992,0.018380000000000063,-0.9219310000000001,0.2666949999999999,0.11027299999999995,0.0010949999999999571,0.8679806951055227,0.9655039302775525,double,-0.9219310000000001
885,3.6875,stand,1.620546,0.738183,0.973421,0.017524,0.018873,-0.692212,-0.11663066954643836,0.3729301655867834,-0.007919366450698889,0.0068647377915984405,-0.1456841060752602,-0.4882571870888544,0.036957043436523764,0.013918886489082108,-0.014638828893688827,-0.005519558435297642,0.012479001679852017,0.003359731221502463,-0.15246300000000002,0.12715699999999996,-0.9230539999999999,0.11405500000000002,0.01687799999999995,-0.9218839999999999,0.26651800000000003,0.11027900000000002,0.0011700000000000044,0.9298047609234755,0.9648788081402551,double,-0.9218839999999999
886,3.691667,stand,1.619885,0.739715,0.973402,0.017627,0.018789,-0.69133,-0.15862730981522746,0.3676505879529752,-0.004559635229179773,-0.048466147003044614,-0.004906443960353537,-0.5876956969659556,0.038396928245727206,-0.005519558435324285,-0.02327813774898111,-0.006959443244554375,0.012239020878335873,0.0004799616030722562,-0.15164200000000005,0.125602,-0.923132,0.11468699999999998,0.015396999999999994,-0.921863,0.26632900000000004,0.110205,0.0012689999999999646,0.9245999314565405,0.9638308221399058,double,-0.921863
887,3.695833,stand,1.619408,0.741247,0.973343,0.017705,0.019093,-0.690649,-0.11449831973116842,0.36773883821409886,-0.014162265962561121,0.08542309817635307,-0.1312512361452425,-0.4469448082425528,0.028324531925122243,-0.011041766682666643,-0.0009601536245808668,-0.0060009601536104296,0.013442150744105485,0.0038406144983184703,-0.15104699999999993,0.12402400000000002,-0.9230769999999999,0.1151390000000001,0.013920999999999961,-0.9217879999999999,0.26618600000000003,0.11010300000000006,0.0012889999999999846,0.9493069801201357,0.9617540200392508,double,-0.9217879999999999
888,3.7,stand,1.618763,0.742713,0.973349,0.017944,0.019176,-0.689714,-0.15478761699063293,0.3518118550515666,0.0014398848092299367,-0.0393019329201081,-0.10785113433012605,-0.619180366948985,0.022558195344380316,-0.016798656107513854,-0.011279097672185162,-0.0033597312214921136,0.016558675305997736,0.001919846412287155,-0.1503079999999999,0.12248800000000004,-0.92313,0.11577000000000015,0.01252400000000009,-0.921786,0.26607800000000004,0.10996399999999995,0.0013440000000000119,0.9494946353643599,0.9582186613261702,double,-0.921786
889,3.704167,stand,1.61828,0.744178,0.973332,0.018014,0.01942,-0.688989,-0.11591072714183663,0.35157187425008796,-0.004079673626120838,0.06899942068451945,-0.1078907797429373,-0.4757733599805649,0.0424766018718214,-0.02831773458122315,-0.0427165826733875,-0.010799136069132425,0.012958963282937596,0.008159347252220029,-0.149648,0.12090500000000004,-0.923291,0.11620800000000009,0.01111300000000004,-0.921735,0.2658560000000001,0.109792,0.0015560000000000018,0.8890587964319967,0.9532091829192848,double,-0.921735
890,3.708333,stand,1.617641,0.745559,0.973416,0.018565,0.018988,-0.688094,-0.15338454152660025,0.33149303888620446,0.02016322611617155,-0.318804294289154,-0.031874891112682505,-0.6005681151993123,0.029044647143551233,-0.015362457993293869,-0.02976476236197689,-0.03384541526642892,0.05784925588092393,0.05520883341334487,-0.14888800000000013,0.11946000000000001,-0.923499,0.11670599999999998,0.00997300000000001,-0.921589,0.2655940000000001,0.109487,0.0019099999999999673,0.9261093577990256,0.8361774318125645,double,-0.921589
891,3.7125,stand,1.617141,0.746929,0.973426,0.018365,0.019317,-0.687377,-0.11999040076798412,0.32877369810416246,0.0023998080153746024,0.19082933163898902,-0.048671401871488454,-0.46837348585459937,0.012958963282937596,-0.010319174466046847,-0.013918886489082108,-0.010559155267616279,0.020638348932093695,0.009599232061436798,-0.14833399999999997,0.11804700000000001,-0.923567,0.11716199999999999,0.008689000000000058,-0.921559,0.26549599999999995,0.10935799999999996,0.0020080000000000098,0.9639384980544352,0.9381008635385333,double,-0.921559
892,3.716667,stand,1.61654,0.748262,0.973516,0.01881,0.01873,-0.686364,-0.14422846172301776,0.3198944084473116,0.021598272138235904,-0.3308183894224719,0.057657227732430295,-0.6792387400770765,-0.0007199424046016468,-0.00503959683223817,-0.009359251259898007,-0.009599232061390814,0.021118310535150377,0.01007919366450465,-0.1477360000000001,0.11669300000000005,-0.9236960000000001,0.11772300000000002,0.007444000000000006,-0.9216070000000001,0.2654590000000001,0.10924900000000004,0.0020890000000000075,0.9822430422522959,0.9369555735501377,double,-0.9216070000000001
893,3.720833,stand,1.616057,0.749623,0.973563,0.01864,0.018779,-0.685742,-0.11593855016803875,0.3266922707633616,0.011281805088793074,0.08638088479075715,0.03860823913554036,-0.4094587686500703,-0.004800768122878196,-0.0038406144983238765,-0.0028804608737412417,-0.0100816130581135,0.026164186269811422,0.009121459433510878,-0.147273,0.11531599999999997,-0.923755,0.11816399999999994,0.006191999999999975,-0.921616,0.2654369999999999,0.109124,0.002139000000000002,0.9886844810179984,0.929467220853356,double,-0.921616
894,3.725,stand,1.615505,0.750887,0.973666,0.018989,0.017954,-0.684842,-0.13246940244782202,0.30333573314131385,0.0247180225582119,-0.37756462625015724,0.1728460351254752,-0.6077742238202419,-0.0021598272138582267,-0.00191984641228882,-0.006239500839932004,-0.010799136069131274,0.029757619390450067,0.022318214542835887,-0.14673000000000003,0.11404400000000003,-0.923884,0.11867099999999997,0.0050520000000000564,-0.9216260000000001,0.265401,0.10899199999999998,0.0022579999999999822,0.9885396778002423,0.9128651148245293,double,-0.9216260000000001
895,3.729167,stand,1.61504,0.752238,0.973673,0.018743,0.017898,-0.684118,-0.11159107271417301,0.32421406287498267,0.001679865610746236,0.08008390561838681,0.09976285829900162,-0.4775864404808076,-0.0014398848092034469,-0.004079673626120838,-0.008399328053756157,-0.014638828893657188,0.026877849772019704,0.013438924886009852,-0.14627100000000004,0.112676,-0.923926,0.11907500000000004,0.0038130000000000663,-0.921577,0.2653460000000001,0.10886299999999993,0.0023490000000000455,0.9842532439924514,0.9207994678360434,double,-0.921577
896,3.733333,stand,1.614533,0.753428,0.973842,0.01899,0.017155,-0.683317,-0.1216994719155116,0.28564570331252803,0.04056649063849498,-0.3167174333544258,0.17821841816811976,-0.5393676427797122,-0.007201152184343176,-0.003840614498323467,-0.007201152184349838,-0.01752280364858083,0.02352376380219126,0.010561689870377875,-0.14579399999999998,0.11146999999999996,-0.924125,0.11950900000000009,0.0027209999999999734,-0.921702,0.26530300000000007,0.10874899999999998,0.002422999999999953,0.9818598430968926,0.9238094005026125,double,-0.921702
897,3.7375,stand,1.614052,0.754737,0.973903,0.018734,0.017108,-0.682451,-0.11543076553875106,0.3141348692104786,0.014638828893683831,0.08882673377047552,0.09926148353943699,-0.5698830641429693,-0.010559155267562993,-0.004319654427636984,-0.008159347252220029,-0.01271898248142145,0.022798176145925508,0.00983921286297126,-0.14535699999999996,0.11014299999999999,-0.9242199999999999,0.11993699999999996,0.001507000000000036,-0.9217219999999999,0.2652939999999999,0.10863599999999995,0.0024980000000000002,0.9766232474263059,0.9285221069561507,double,-0.9217219999999999
898,3.741667,stand,1.613581,0.755883,0.974045,0.018899,0.016529,-0.681735,-0.1130309575234177,0.27501799856009373,0.034077273818113235,-0.235535430071376,0.14807705938285515,-0.47934774950845366,-0.011999040076818446,-0.0014398848092032936,-0.005519558435323697,-0.01343892488602174,0.026157907367415193,0.008639308855291364,-0.14493599999999995,0.10899100000000006,-0.924385,0.12035200000000001,0.00047000000000008146,-0.9218280000000001,0.26528799999999997,0.10852099999999998,0.0025569999999999204,0.977856794599332,0.9233451447363332,double,-0.9218280000000001
899,3.745833,stand,1.613079,0.757153,0.974179,0.018557,0.016122,-0.680798,-0.12049927988477885,0.30484877580411873,0.03216514642341906,0.0023529038231628998,0.2533565507312263,-0.6211659972161007,-0.013202112337953606,0.00024003840612522948,-0.004560729716755786,-0.012481997119524618,0.02976476236195357,0.007441190590495055,-0.14448899999999987,0.10772199999999998,-0.924538,0.12080200000000008,-0.0006760000000000099,-0.9219310000000001,0.26529099999999994,0.108398,0.002606999999999915,0.9767170994928287,0.9187255152798187,double,-0.9219310000000001
900,3.75,stand,1.612653,0.758281,0.974332,0.018584,0.015512,-0.680128,-0.10223182145429731,0.27069834413248606,0.03671706263498097,-0.19795944386355654,0.20446094942505208,-0.4488705476254032,-0.01271898248142145,0.0011999040076873012,-0.005759539236860413,-0.008639308855273968,0.028557715382792583,0.005519558435324285,-0.1441159999999999,0.106599,-0.924715,0.12119200000000019,-0.0016849999999999365,-0.922061,0.2653080000000001,0.10828399999999994,0.002653999999999934,0.9766437863840081,0.9228897438457491,double,-0.922061
901,3.754167,stand,1.612171,0.759497,0.974474,0.018382,0.015329,-0.679214,-0.1156707463402672,0.2918166546676387,0.034077273818090226,0.025738723991465935,0.1285151577694886,-0.600978749910885,-0.010319174466046847,0.0023998080153746024,-0.0055195584353259506,-0.013678905687539319,0.029997600191969384,0.006479481641468798,-0.14367700000000005,0.10539300000000007,-0.9248799999999999,0.12161700000000009,-0.0027760000000000007,-0.922176,0.26529400000000014,0.10816900000000007,0.0027039999999999287,0.9800897872735604,0.9169601944341678,double,-0.922176
902,3.758333,stand,1.611667,0.760638,0.974616,0.018197,0.014279,-0.678478,-0.12097935669708261,0.2738838214114324,0.034085453672607444,-0.2655825603299662,0.4287929869846744,-0.49730378854599866,-0.009841574651933896,0.00048007681227710855,-0.00456072971675412,-0.015362457993293869,0.027124339894389497,-0.001200192030724418,-0.14321399999999995,0.10425399999999996,-0.925041,0.12205700000000008,-0.0038040000000000296,-0.922323,0.26527100000000003,0.10805799999999999,0.002717999999999998,0.9819040120373053,0.920827068022751,double,-0.922323
903,3.7625,stand,1.611269,0.761752,0.974758,0.017983,0.014245,-0.677693,-0.09551235901124891,0.26733861291093847,0.03407727381808659,0.07610925933868314,0.07982356233191662,-0.5135214603396685,-0.011519078473732921,-0.002639788816890467,-0.0055195584353253625,-0.012479001679850688,0.02831773458122013,0.003119750419966002,-0.1428640000000001,0.10312900000000003,-0.925206,0.12240300000000004,-0.0048000000000000265,-0.922452,0.26526700000000014,0.10792900000000005,0.002753999999999923,0.9782614538969516,0.9206228506918857,double,-0.922452
904,3.766667,stand,1.610738,0.762867,0.974972,0.017933,0.013335,-0.676945,-0.12742980561557077,0.26757859371250975,0.0513558915286648,-0.26713814390347707,0.3356578390315086,-0.5013448714458968,-0.008639308855273968,-0.0019198464122890248,-0.0019198464122873594,-0.011519078473734148,0.015118790496769409,-0.016798656107512314,-0.14236899999999997,0.10200600000000004,-0.9254279999999999,0.12288600000000005,-0.005851999999999968,-0.922736,0.265255,0.10785800000000001,0.0026919999999999167,0.9849068376417253,0.9308024172223456,double,-0.922736
905,3.770833,stand,1.610351,0.76399,0.9751,0.017783,0.013227,-0.676146,-0.0928948631780856,0.2695631301008052,0.030724915986561085,0.029374483156259623,0.08475729349107756,-0.5229822824483564,-0.0062409985597889584,-0.005040806529056213,0.0009601536245808668,-0.01752280364858083,0.014162265962561121,-0.0208833413346122,-0.14200800000000013,0.10086200000000001,-0.9255519999999999,0.12319999999999998,-0.006915999999999922,-0.922951,0.2652080000000001,0.10777799999999993,0.0026009999999999645,0.9865338192672801,0.922789621035502,double,-0.922951
906,3.775,stand,1.609869,0.765035,0.975239,0.017784,0.012669,-0.675342,-0.11567074634032048,0.2507799376050207,0.0333573314134885,-0.16996653356910382,0.19478012433989933,-0.5310462124010468,-0.009119270458359545,-0.0074394048476133096,0.0023998080153579504,-0.020638348932093695,0.020638348932093695,-0.013918886489082108,-0.14156400000000002,0.09978599999999993,-0.925681,0.12359600000000004,-0.007874999999999965,-0.923148,0.26516000000000006,0.1076609999999999,0.0025330000000000075,0.9799816114610995,0.9207766306288865,double,-0.923148
907,3.779167,stand,1.609388,0.766073,0.97546,0.017508,0.012191,-0.67455,-0.11543076553873875,0.2491000719942213,0.05303575713943203,-0.046151932527971555,0.2563269790973086,-0.5224885943360179,-0.006479481641468107,-0.0076793856491286375,0.001919846412287155,-0.021838252939778667,0.026637868970474075,-0.004799616030717054,-0.14111000000000007,0.09871600000000003,-0.925894,0.12398599999999993,-0.008801999999999977,-0.923389,0.265096,0.107518,0.0025049999999999795,0.9829508507432076,0.9169863699091257,double,-0.923389
908,3.783333,stand,1.608986,0.767139,0.975549,0.017695,0.012028,-0.673859,-0.09649543927029412,0.25588094095057506,0.021363418146906576,-0.10970061866900978,-0.004939806582657869,-0.4509500640825585,-0.003120499279894812,-0.008641382621228723,0.0009601536245809691,-0.016802688430153635,0.026404224675936675,0.007681228996639425,-0.1407210000000001,0.09761399999999998,-0.925979,0.12431799999999993,-0.009758000000000044,-0.923446,0.265039,0.10737200000000002,0.0025330000000000075,0.984604031521108,0.9209600097716921,double,-0.923446
909,3.7875,stand,1.608473,0.768131,0.975743,0.017675,0.011567,-0.672915,-0.12311015118789403,0.2380609551235739,0.04655627549796392,-0.12918859699491467,0.16687551148266289,-0.6191592480150084,0.0007199424046016468,-0.0028797696184332303,-0.0031197504199676675,-0.02591792656587243,0.0247180225582119,0.011039116870650725,-0.14020500000000014,0.09660999999999997,-0.9261860000000001,0.12472299999999992,-0.010646999999999962,-0.923594,0.26492800000000005,0.10725699999999994,0.0025920000000000387,0.9928228307955629,0.9116170852704023,double,-0.923594
910,3.791667,stand,1.608035,0.769161,0.975803,0.017647,0.011027,-0.672297,-0.10511159107270421,0.24718022558195882,0.014398848092141042,-0.1561937401194996,0.19861246204487212,-0.4081668609664815,0.0038396928245780495,-0.0026397888168907483,-0.0026397888168940785,-0.018958483321320815,0.030237580993512175,0.009599232061435132,-0.13975100000000018,0.09556900000000002,-0.926257,0.12508199999999992,-0.011550999999999978,-0.9236139999999999,0.2648330000000001,0.10711999999999999,0.002643000000000062,0.9910743486103415,0.9119736290220922,double,-0.9236139999999999
911,3.795833,stand,1.607552,0.770114,0.975892,0.017786,0.010481,-0.671426,-0.1159385501680264,0.2287566010561583,0.021363418146904296,-0.21425774388781138,0.14593409851983796,-0.5713753693687476,0.003360537686073008,-0.0007201152184289877,-0.004080652904465352,-0.04104656745077209,0.07825252040327402,0.06601056168986796,-0.139254,0.09461300000000006,-0.9263629999999999,0.125394,-0.012177999999999911,-0.923428,0.264648,0.10679099999999997,0.00293499999999991,0.9911081329928768,0.7868198254761608,double,-0.923428
912,3.8,stand,1.607068,0.771068,0.976134,0.018037,0.010336,-0.670462,-0.11615070794340607,0.22894168466523973,0.05807535397167639,-0.12370234237635579,-0.033190285328382176,-0.6252914050374248,0.005039596832212064,-0.0011999040076873012,-0.005519558435324285,-0.024478041756671745,0.03191744660425841,0.014398848092154365,-0.138749,0.09365400000000002,-0.9266279999999999,0.1257760000000001,-0.012998999999999983,-0.9236099999999999,0.2645250000000001,0.106653,0.003017999999999965,0.9873835610786885,0.898615584711691,double,-0.9236099999999999
913,3.804167,stand,1.606679,0.772113,0.976156,0.018086,0.010024,-0.669881,-0.09335253179744396,0.250779937604994,0.005279577633807577,-0.11039811005861004,0.0928777074850504,-0.37934629218014243,0.0031197504199759933,-0.0031197504199759933,-0.001919846412287155,-0.02927765778736454,0.030237580993508952,0.012239020878327907,-0.138347,0.0925959999999999,-0.926658,0.12604300000000013,-0.013918000000000097,-0.923581,0.2643900000000001,0.106514,0.0030769999999999964,0.9919806664843551,0.8961758689677992,double,-0.923581
914,3.808333,stand,1.606138,0.773049,0.976266,0.018212,0.00965,-0.668924,-0.129860777724409,0.22467594815168296,0.02640422467593386,-0.15305474196133287,0.08858996371673566,-0.6230155419786977,0.0048007681229309835,-0.002160345655286963,-0.00528084493518977,-0.028084493518997014,0.02976476236198022,0.008641382621219473,-0.13778599999999996,0.09165100000000004,-0.92679,0.12646699999999989,-0.01473000000000002,-0.923655,0.26425299999999985,0.10638100000000006,0.003134999999999999,0.9875722319034721,0.8989412139227683,double,-0.923655
915,3.8125,stand,1.605722,0.773971,0.976285,0.01863,0.009183,-0.668078,-0.09983201343892271,0.22126229901608363,0.004559635229179773,-0.2884712239228272,0.028456667766930736,-0.5507703271866897,-0.011999040076819727,-0.02951763858891045,0.015118790496761082,-0.03743700503960934,0.025437964962816254,0.0007199424046083842,-0.1374200000000001,0.09060600000000008,-0.926746,0.1267269999999998,-0.015545999999999949,-0.9236709999999999,0.2641469999999999,0.10615200000000002,0.00307500000000005,0.9412196703178404,0.893804329244829,double,-0.9236709999999999
916,3.816667,stand,1.605293,0.774928,0.976375,0.01887,0.009044,-0.667302,-0.10295176385889904,0.22966162706984145,0.021598272138238207,-0.12065080184067939,-0.031227098185890683,-0.5009002067300782,-0.0038396928245780495,-0.0074394048476133096,0.0028797696184302067,-0.03503719702423474,0.027597792176621425,0.008399328053756157,-0.1370070000000001,0.08961800000000009,-0.926824,0.12700999999999985,-0.016387999999999958,-0.923726,0.26401699999999995,0.10600600000000004,0.003097999999999934,0.9852444870444748,0.89337844726435,double,-0.923726
917,3.820833,stand,1.604776,0.775874,0.976432,0.019065,0.008705,-0.6663,-0.12409985597697709,0.22707633221314846,0.013682189150257365,-0.16582915430543654,0.053506957795886295,-0.6490859157465928,0.006961113778217946,0.003600576092171588,0.0021603456553052846,-0.030244839174230678,0.024723955832924006,0.011041766682668309,-0.13646099999999994,0.08868700000000007,-0.9268719999999999,0.1274010000000001,-0.017230999999999996,-0.9237369999999999,0.26386200000000004,0.10591800000000007,0.003134999999999999,0.9864508767627641,0.9009918539810874,double,-0.9237369999999999
918,3.825,stand,1.604395,0.776743,0.976424,0.0194,0.00818,-0.665501,-0.09143268538515514,0.2085433165346666,-0.00191984641228882,-0.2778989779544143,0.07634994203270352,-0.5194292363448686,0.0069594432445536335,0.00119990400766053,-0.007199424046076415,-0.028077753779730655,0.017038636909056618,0.0026397888168954624,-0.13605099999999992,0.08782299999999998,-0.926894,0.12766499999999992,-0.01802899999999996,-0.9237179999999999,0.26371599999999984,0.10585199999999995,0.0031760000000000677,0.9831918235425445,0.9133248156489469,double,-0.9237179999999999
919,3.829167,stand,1.603924,0.777667,0.976496,0.01967,0.008139,-0.664516,-0.11303095752342975,0.2217422606191692,0.017278617710601223,-0.09780554884283653,-0.07731192983941577,-0.6323801297839243,0.006239500839899366,0.0023998080153746024,-0.009599232061435132,-0.024958003359704033,-0.03815694744421106,-0.05015598752100082,-0.13555399999999995,0.08690900000000001,-0.927006,0.12803200000000015,-0.019112000000000018,-0.923999,0.2635860000000001,0.10602100000000003,0.003006999999999982,0.9805038675194964,0.8569590394470764,double,-0.923999
920,3.833333,stand,1.603475,0.778602,0.976423,0.020187,0.007711,-0.663539,-0.10777724435907571,0.22443590974555774,-0.01752280364858083,-0.3100185180281377,-0.017323827793188584,-0.6301357621304522,0.006961113778217946,0.007201152184343176,-0.010801728276523091,-0.02616418626983528,0.012722035525676497,0.003600576092174919,-0.13507599999999997,0.08600399999999997,-0.9269780000000001,0.12837199999999993,-0.019994000000000067,-0.923911,0.2634479999999999,0.10599800000000004,0.003067000000000042,0.9754489742477697,0.9204713893840732,double,-0.923911
921,3.8375,stand,1.60313,0.779507,0.976435,0.020223,0.007323,-0.662642,-0.08279337652989092,0.2171826253899628,0.002879769618433537,-0.12543759835836227,0.12206197905754573,-0.5799942681276167,0.0009599232061178691,0.0011999040076873012,-0.003599712023038591,-0.024478041756618458,0.005999520038409863,-0.004319654427646975,-0.13472700000000004,0.08510400000000007,-0.9270050000000001,0.12861500000000015,-0.020873999999999948,-0.923941,0.2633420000000002,0.10597800000000002,0.0030640000000000667,0.9934767192903424,0.9267432263296764,double,-0.923941
922,3.841667,stand,1.602638,0.780383,0.976449,0.020435,0.006794,-0.661508,-0.11807055435562921,0.2102231821454393,0.0033597312214921136,-0.2307075184220185,0.11516606338927603,-0.7320190539406799,-0.00191984641228882,-0.006239500839925344,0.0007199424046066424,-0.024478041756669136,0.012479001679877331,-0.010319174466042417,-0.1342430000000001,0.084202,-0.9270160000000001,0.12900500000000004,-0.021697999999999995,-0.923998,0.26324800000000015,0.1059,0.003018000000000076,0.9890537299548915,0.9209043874949407,double,-0.923998
923,3.845833,stand,1.602208,0.781225,0.976406,0.020488,0.00617,-0.660485,-0.10321651464233425,0.20211233797406747,-0.010321651464238754,-0.2050252532401647,0.2006492285196364,-0.6618566531578196,-0.004080652904449132,-0.006000960153637719,0.0009601536245809691,-0.031445031205020076,0.004320691310601036,-0.009121459433509213,-0.13383000000000012,0.08333500000000005,-0.926969,0.12930399999999986,-0.02252199999999993,-0.923993,0.263134,0.10585699999999998,0.0029760000000000897,0.9877996874043995,0.9151981123374776,double,-0.923993
924,3.85,stand,1.601869,0.782095,0.97633,0.020804,0.005718,-0.659395,-0.08135349172067881,0.20878329733620937,-0.018238540916717148,-0.24452024210324827,0.05475222973055673,-0.7001370242000761,-0.005279577633780934,-0.0043196544276365234,0.0023998080153576945,-0.032397408207340536,0.0023998080153477034,-0.00383969282457431,-0.133513,0.08244700000000005,-0.926883,0.12950799999999996,-0.023382000000000014,-0.923933,0.26302099999999995,0.10582900000000006,0.002950000000000008,0.9879477488414572,0.9159795049226982,double,-0.923933
925,3.854167,stand,1.601411,0.782929,0.976308,0.021029,0.005089,-0.658203,-0.10991120710345341,0.200143988480931,-0.005279577633808139,-0.26653692585482824,0.14662203007848165,-0.7669277628393494,-0.004319654427663628,-0.0026397888168907483,-0.00047996160307059096,-0.030477561795054963,0.007679385649156099,-0.0059995200383965415,-0.133073,0.08160200000000006,-0.926863,0.12983900000000004,-0.024183999999999983,-0.923936,0.26291200000000003,0.10578600000000005,0.002927000000000013,0.9915248299734136,0.9174005996863992,double,-0.923936
926,3.858333,stand,1.601115,0.783886,0.976371,0.020829,0.005712,-0.657216,-0.07105136821887754,0.22971675468073918,0.01512241958714199,0.28022882760232193,-0.1697334131838481,-0.6221795387491383,-0.0052808449351814425,-0.0014402304368846249,-0.004080652904465352,-0.02688430148821097,0.007681228996646934,-0.006481036965914188,-0.1327990000000001,0.08063900000000002,-0.926943,0.130023,-0.025108999999999937,-0.924026,0.2628220000000001,0.10574799999999995,0.0029169999999999474,0.9886210092388206,0.9229943210342397,double,-0.924026
927,3.8625,stand,1.600759,0.78482,0.976351,0.020891,0.00569,-0.656133,-0.08543316534678166,0.22414206863451716,-0.004799616030722562,-0.016972445537526477,-0.019846377466869385,-0.6891458364519503,-0.0019198464122890248,-0.003359731221492472,0.0004799616030722562,-0.025677945764359045,0.011759059275250294,-0.005759539236862079,-0.1324510000000001,0.07969100000000007,-0.926921,0.13027199999999994,-0.02599399999999996,-0.92403,0.26272300000000004,0.10568500000000003,0.002890999999999977,0.9935012891731697,0.9230505293668387,double,-0.92403
928,3.866667,stand,1.600373,0.785707,0.976349,0.021004,0.005476,-0.655065,-0.09263258939284232,0.21286297096232976,-0.0004799616030588834,-0.09610294144037901,0.03371341031034676,-0.6807407531443967,-0.0033597312214921136,0.0014398848092032936,-0.002879769618431565,-0.024478041756669136,0.00671946244301087,-0.019198464122868217,-0.13207900000000006,0.07880999999999994,-0.9269310000000001,0.1305559999999999,-0.026853000000000016,-0.924108,0.26263499999999995,0.10566299999999995,0.00282300000000002,0.9922443326815367,0.918726340612417,double,-0.924108
929,3.870833,stand,1.600023,0.786546,0.976331,0.021198,0.005351,-0.654029,-0.08401344215075922,0.20139222275561694,-0.004320691310627225,-0.09792323579644063,-0.023785523314670147,-0.6582390223455639,-0.0012001920307327459,-0.0012001920307327459,-0.0026404224675940524,-0.02112337974072577,0.0026404224675907213,-0.004800768122901002,-0.13173400000000002,0.07796599999999998,-0.926924,0.1308180000000001,-0.027680999999999956,-0.92411,0.2625520000000001,0.10564699999999994,0.002813999999999983,0.9947684842252182,0.9354893625354446,double,-0.92411
930,3.875,stand,1.599667,0.787367,0.976283,0.021437,0.004998,-0.652954,-0.08543316534678166,0.19702423806098132,-0.011519078473707506,-0.1853767713125746,0.0445264913851693,-0.6847150111846346,-0.004079673626094195,-0.001679865610746236,-0.0014398848092151033,-0.01871850251980467,-0.0004799616030855778,-0.004799616030717566,-0.13139499999999993,0.07713799999999993,-0.926882,0.1310960000000001,-0.028504000000000085,-0.9240820000000001,0.26249100000000003,0.10564200000000001,0.0027999999999999137,0.9922649869587439,0.9397833284287513,double,-0.9240820000000001
931,3.879167,stand,1.599274,0.788213,0.976181,0.021637,0.004546,-0.651778,-0.09431245500357179,0.20302375809936454,-0.024478041756671745,-0.20111432282615602,0.09188695898530969,-0.7489781740223095,-0.003359731221492472,0.0,-0.0023998080153596157,-0.014398848092141042,-0.0038396928245514063,-0.003599712023036926,-0.13101600000000002,0.07629199999999992,-0.92679,0.13142900000000002,-0.029366000000000003,-0.923995,0.26244500000000004,0.10565799999999992,0.002794999999999992,0.9931186902911551,0.9464989620771668,double,-0.923995
932,3.883333,stand,1.598901,0.788947,0.976131,0.021656,0.004087,-0.650688,-0.08953432549211919,0.17618819011038916,-0.01200192030724751,-0.13841525375891542,0.1518282566566854,-0.6950075207051575,-0.0028804608737692497,-0.003840614498323467,-0.0009601536245792011,-0.016562650024026612,-0.0031204992798944792,-0.005520883341334987,-0.13065499999999997,0.075542,-0.926744,0.1317330000000001,-0.030112999999999945,-0.923968,0.26238800000000007,0.10565499999999994,0.0027760000000000007,0.9918402632203333,0.942681252261018,double,-0.923968
933,3.8875,stand,1.598565,0.789716,0.976051,0.021666,0.003447,-0.649452,-0.08063354931602387,0.184545236381083,-0.019198464122861556,-0.19007617054693945,0.21926334503582226,-0.7879943274685911,-0.0033597312214921136,-0.00095992320614441,-0.0002399808015361025,-0.0069594432445536335,-0.00671946244301087,-0.005039596832253157,-0.13033300000000003,0.07476899999999997,-0.926665,0.13203999999999994,-0.030909999999999993,-0.923909,0.26237299999999997,0.10567899999999997,0.0027559999999999807,0.9941626591795509,0.9542601453045737,double,-0.923909
934,3.891667,stand,1.598193,0.790449,0.975951,0.021818,0.00283,-0.648175,-0.08927285817135971,0.17590592752580206,-0.023998080153586166,-0.23436173275901237,0.16622803074257422,-0.8113643662886835,-0.0011999040076873012,-0.003359731221492472,-0.0014398848092151033,0.0009599232061711556,-0.0074394048476133096,-0.005279577633789822,-0.12996600000000003,0.07402200000000003,-0.926571,0.1324160000000001,-0.03167399999999998,-0.9238310000000001,0.2623820000000001,0.10569600000000001,0.0027399999999999647,0.9935880251412463,0.9573120111562076,double,-0.9238310000000001
935,3.895833,stand,1.5979,0.791183,0.97585,0.021772,0.002385,-0.646977,-0.07033125300044855,0.17618819011041584,-0.024243879020646897,-0.10933065529657872,0.16576696821527145,-0.760393732140456,-0.00024003840612522948,-0.0012001920307327459,-0.002400384061450501,0.0,-0.005520883341333322,-0.006721075372059405,-0.12967400000000007,0.07328299999999999,-0.92648,0.13270899999999997,-0.03243099999999999,-0.923758,0.26238300000000003,0.10571399999999997,0.002722000000000002,0.995509292622687,0.9582835438214181,double,-0.923758
936,3.9,stand,1.597593,0.791946,0.975773,0.021681,0.001904,-0.645729,-0.07367410607153138,0.18310535157189922,-0.018478521718261882,-0.10355640846027138,0.19239261950232656,-0.7909375825928515,-0.0007199424046017234,-0.0007199424046017234,-0.0011999040076789752,0.0035997120230086173,-0.007679385649156099,-0.005279577633789822,-0.12936999999999999,0.07251699999999994,-0.926408,0.1330309999999999,-0.03322600000000009,-0.923703,0.2624009999999999,0.10574300000000003,0.0027049999999999574,0.9973772344115358,0.9562996053943765,double,-0.923703
937,3.904167,stand,1.597226,0.79267,0.975713,0.021501,0.001449,-0.644455,-0.08807295416366304,0.17374610031195173,-0.014398848092139508,-0.0626419272707372,0.21020078596224404,-0.8069285107035251,0.0004799616030322402,-0.0004799616030588834,-0.0016798656107510524,0.00383969282457764,-0.0076793856491286375,-0.005519558435323697,-0.12900100000000014,0.07179100000000005,-0.926355,0.13341399999999992,-0.03398199999999996,-0.9236660000000001,0.26241500000000006,0.105773,0.0026889999999999414,0.9969803078012909,0.9560984246715403,double,-0.9236660000000001
938,3.908333,stand,1.596946,0.793366,0.975626,0.021383,0.00114,-0.643297,-0.06721075372061454,0.16706673067692873,-0.020883341334629414,-0.0414011951531054,0.13862000012415973,-0.7306071388596937,0.001440230436911428,-0.0016802688430366832,-0.001440230436869788,0.004800768122931495,-0.006000960153637719,-0.005760921747480818,-0.1287149999999999,0.07108799999999993,-0.926274,0.1337140000000001,-0.03470300000000004,-0.923603,0.262429,0.10579099999999997,0.00267100000000009,0.9955992958872812,0.957282439571296,double,-0.923603
939,3.9125,stand,1.596678,0.794099,0.975562,0.021308,0.000751,-0.642044,-0.06431485481159555,0.1759059275257833,-0.015358771298283917,-0.08104453308966232,0.15376309632034246,-0.7899463100387818,0.0007199424046016468,0.0011999040076871733,-0.0009599232061427448,0.006719462442984227,-0.006239500839925344,-0.007439404847612517,-0.128444,0.07035999999999998,-0.9262140000000001,0.13400999999999996,-0.035461999999999994,-0.92357,0.26245399999999997,0.10582199999999997,0.0026440000000000907,0.9971717991313191,0.9538801110309151,double,-0.92357
940,3.916667,stand,1.596368,0.794832,0.975506,0.021235,0.000443,-0.640832,-0.0743940484761331,0.17590592752580206,-0.013438924886023173,-0.05724337553790204,0.12375751202937701,-0.7617113913463877,0.0016798656107195925,-0.0011999040076873012,-0.0011999040076806405,0.005759539236867074,-0.005279577633781497,-0.00623950083993267,-0.1281270000000001,0.06962199999999996,-0.926163,0.13434400000000002,-0.036216999999999944,-0.92354,0.2624710000000001,0.1058389999999999,0.002622999999999931,0.9960203686221131,0.9571051998592128,double,-0.92354
941,3.920833,stand,1.596062,0.795523,0.975484,0.021089,0.000201,-0.639717,-0.07345175228034304,0.16586653864617817,-0.0052808449351814425,-0.01089494481915861,0.12290268079517082,-0.7008586135829123,0.0012001920307327459,-0.0012001920307060962,-0.0026404224675940524,0.0062409985597889584,-0.008401344215075922,-0.018242918867018145,-0.12781600000000015,0.06892600000000004,-0.926152,0.13467600000000002,-0.03694299999999995,-0.923594,0.26249200000000017,0.10586899999999999,0.002557999999999949,0.9947684842252353,0.939366995039572,double,-0.923594
942,3.925,stand,1.595844,0.796257,0.975443,0.020918,-8e-06,-0.638576,-0.05231581473483596,0.17614590832734484,-0.009839212862987912,0.008633683093468758,0.11811841512939808,-0.7151616395845757,0.001679865610772879,-0.0002399808015427889,0.0,0.00815934725218839,-0.011999040076793083,-0.004079673626109182,-0.127591,0.068191,-0.9261109999999999,0.13492799999999994,-0.037726999999999955,-0.92357,0.26251899999999995,0.10591799999999996,0.0025409999999999044,0.9971717991312858,0.949468315738863,double,-0.92357
943,3.929167,stand,1.595567,0.797011,0.975375,0.021072,-0.000273,-0.637327,-0.06647468202545377,0.18094552435804812,-0.016318694504428327,-0.12773440316416992,0.038100385530033025,-0.7798121915702728,0.0014398848092032936,-0.0004799616030588834,0.0,0.008879289656842454,-0.007439404847612517,-0.007199424046076415,-0.12730799999999998,0.06743500000000002,-0.926043,0.13524200000000008,-0.03851199999999999,-0.923532,0.26255000000000006,0.10594700000000001,0.00251099999999993,0.9974703802414717,0.9521585829319363,double,-0.923532
944,3.933333,stand,1.595338,0.797701,0.975337,0.021033,-0.000483,-0.636298,-0.054968795007207985,0.1656265002400263,-0.00912145943350491,-0.04135645308454278,0.07907082536211635,-0.6430369683177298,0.0019203072491617336,0.0007201152184289877,-0.0019203072491600678,0.007201152184343176,-0.005520883341333322,-0.00456072971675412,-0.12707099999999993,0.06674800000000003,-0.926013,0.1355010000000001,-0.039224999999999954,-0.923513,0.262572,0.10597299999999998,0.0024999999999999467,0.9953173708150427,0.9580739351885943,double,-0.923513
945,3.9375,stand,1.595087,0.798414,0.975293,0.020693,-0.000389,-0.635186,-0.060235181185508205,0.1711063114950795,-0.010559155267589635,0.16364037180667046,0.05760344258916666,-0.6935087057330109,-0.0004799616030855778,-0.0004799616030855778,-0.0009599232061428472,0.007439404847586667,-0.0074394048476133096,-0.0074394048476133096,-0.126822,0.06603300000000001,-0.9259729999999999,0.135783,-0.03996899999999992,-0.9235,0.262605,0.10600199999999993,0.0024729999999999475,0.9980405649605587,0.9537942880431249,double,-0.9235
946,3.941667,stand,1.594867,0.799108,0.975217,0.020987,-0.000518,-0.634163,-0.05279577633786825,0.16654667626592637,-0.01823854091671909,-0.14020283451217044,-0.052142424936087096,-0.6339670117918874,0.0002399808015694321,-0.0007199424046017234,0.0011999040076789752,0.005039596832265351,-0.0035997120230352605,-0.0016798656107512315,-0.12660099999999996,0.06533599999999995,-0.925892,0.13602399999999992,-0.04067799999999999,-0.923431,0.2626249999999999,0.10601399999999994,0.0024610000000000465,0.9976337573861653,0.964695062029328,double,-0.923431
947,3.945833,stand,1.594632,0.799713,0.975148,0.021221,-0.000642,-0.633332,-0.05640902544406596,0.14522323571770285,-0.016562650023999963,-0.11798483971553823,-0.03376989037864325,-0.5150423293754735,-0.0004800768123037582,0.0004800768123037582,-0.0004800768122904334,0.006961113778217946,-0.005280844935208092,-0.0026404224675940524,-0.12636800000000004,0.06473300000000004,-0.925825,0.13628799999999996,-0.041305000000000036,-0.923373,0.262656,0.10603800000000008,0.0024520000000000097,0.9986141376159365,0.9602670432534208,double,-0.923373
948,3.95,stand,1.594442,0.800309,0.975091,0.02126,-0.000414,-0.632473,-0.04559635229184616,0.1430285577153839,-0.013678905687537862,0.06170109733726779,-0.10547503612157177,-0.5296932293557024,0.0002399808015161201,0.0007199424046016468,-0.0009599232061427448,0.008639308855273047,-0.004559635229179287,-0.0007199424046083076,-0.12617699999999998,0.06413999999999997,-0.925772,0.13651400000000002,-0.04192000000000007,-0.923319,0.262691,0.10606000000000004,0.0024530000000000385,0.9979605553501483,0.9591446407232044,double,-0.923319
949,3.954167,stand,1.594188,0.800958,0.975029,0.021459,-0.000401,-0.631484,-0.060955123590109926,0.1557475401967673,-0.014878809695226619,-0.06202090293544968,-0.07549130944277868,-0.6108269848516181,-0.002399808015321316,-0.0007199424046017234,-0.0007199424046083842,0.012239020878335873,-0.0023998080153479593,0.004079673626110847,-0.12593299999999985,0.0634880000000001,-0.925713,0.13681900000000002,-0.04257899999999992,-0.9232400000000001,0.2627519999999999,0.10606700000000002,0.0024729999999999475,0.995655235384749,0.9533993926653923,double,-0.9232400000000001
950,3.958333,stand,1.593955,0.801608,0.974947,0.02158,-0.00028,-0.630523,-0.055928948631762204,0.15602496399424426,-0.019683149303894445,-0.000512159144586582,-0.09175701500292875,-0.5921812193992246,-0.0021603456553402622,0.0014402304368579754,0.00072011521843565,0.012722035525703147,0.00048007681227710855,-0.0014402304368696345,-0.12570900000000007,0.06284400000000001,-0.925628,0.13710500000000003,-0.043227000000000015,-0.923164,0.2628140000000001,0.10607100000000003,0.0024640000000000217,0.9955092926226539,0.9540061735556062,double,-0.923164
951,3.9625,stand,1.593802,0.802212,0.97489,0.021656,-0.00016,-0.629667,-0.03671706263500762,0.14494840412768814,-0.013678905687539319,0.015076517141917751,-0.07664544626420842,-0.5272316292712985,-0.0016798656107195925,-0.0002399808015427889,0.0009599232061428472,0.007199424046070521,0.003359731221519115,0.0002399808015344629,-0.12556299999999987,0.06223899999999993,-0.925567,0.13728800000000008,-0.043816999999999995,-0.923106,0.26285099999999995,0.10605599999999993,0.0024610000000000465,0.9967506445866231,0.962142663657561,double,-0.923106
952,3.966667,stand,1.59359,0.802867,0.974871,0.021661,-0.000139,-0.628603,-0.050875929925573805,0.15718742500598062,-0.004559635229179287,0.013360897407002581,-0.02046367689124003,-0.6568661831367784,-0.0011999040076871733,0.0011999040076871733,-0.0007199424046066424,0.00383969282457764,0.0023998080153477034,-0.0007199424046066424,-0.12535600000000002,0.061589000000000005,-0.925551,0.13751599999999997,-0.044462,-0.9230900000000001,0.262872,0.106051,0.0024609999999999355,0.9969277874778381,0.9677486220404246,double,-0.9230900000000001
953,3.970833,stand,1.593356,0.803512,0.974895,0.021531,-0.000236,-0.627493,-0.05616898703794672,0.15482477196352804,0.005760921747459165,0.028531610747828215,0.06383089377206294,-0.6868953738464445,-0.0036005760921986214,-0.00024003840615190468,-0.0009601536245809691,-0.0074411905905224975,0.01944311089774464,0.04560729716755106,-0.12513700000000005,0.06094299999999997,-0.9255789999999999,0.13771899999999992,-0.04502600000000001,-0.922924,0.262856,0.10596899999999998,0.002654999999999963,0.9937764645598484,0.8898931093054328,double,-0.922924
954,3.975,stand,1.593185,0.804149,0.974905,0.021363,-0.000329,-0.626527,-0.04103671706261358,0.1528677705783441,0.0023998080153743466,0.04272185613411891,0.07526733793906579,-0.5973616947896737,-0.002639788816890467,0.00047996160308552666,0.0011999040076788473,-0.005759539236866461,-0.004079673626120404,0.0028797696184298996,-0.12497700000000012,0.06030800000000003,-0.9255840000000001,0.13786599999999982,-0.045680000000000054,-0.922922,0.26284299999999994,0.10598800000000008,0.002662000000000053,0.9951014124014443,0.9606751122515892,double,-0.922922
955,3.979167,stand,1.593051,0.804778,0.974866,0.021147,-0.000218,-0.625547,-0.03215742740582784,0.15094792416607136,-0.009359251259902335,0.12211609239847832,0.013272218877815068,-0.6035205046189481,-0.0014398848092034469,0.00023998080151614568,0.0,-0.007679385649102813,-0.0019198464122623816,0.0011999040076789752,-0.12484899999999999,0.059679999999999955,-0.9255450000000001,0.1379680000000001,-0.04631699999999994,-0.922878,0.2628170000000001,0.1059969999999999,0.002667000000000086,0.9975670896207358,0.9599864056335418,double,-0.922878
956,3.983333,stand,1.592866,0.805404,0.974869,0.021002,-0.000217,-0.624469,-0.0444071051368451,0.15026404224675907,0.0007201152184289877,0.0632893108534978,0.032135764447540384,-0.6642908573134879,-0.0004800768123037582,0.0007201152184556373,-0.0014402304368696345,-0.005280844935234742,-0.0019203072491617336,-0.0007201152184339845,-0.12466599999999994,0.059057000000000026,-0.925554,0.138131,-0.046950999999999965,-0.922884,0.26279699999999995,0.10600799999999999,0.00266999999999995,0.9971995519282876,0.9638581503270166,double,-0.922884
957,3.9875,stand,1.592672,0.805986,0.974921,0.020894,-0.000546,-0.623443,-0.0465562754979156,0.13966882649388002,0.01247900167987866,-0.04995754181439161,0.1452309998118991,-0.6341802307556894,-0.002399808015321316,-0.0011999040076873012,0.0014398848092151033,-0.004079673626094195,-0.001679865610772879,-0.0023998080153596157,-0.12448199999999998,0.05847000000000002,-0.9256000000000001,0.13830799999999988,-0.04754000000000003,-0.922946,0.26278999999999986,0.10601000000000005,0.002654000000000045,0.9949249749858655,0.9650892898422385,double,-0.922946
958,3.991667,stand,1.592491,0.806569,0.974905,0.02073,-0.000578,-0.622409,-0.04343652507798793,0.1399088072954079,-0.00383969282457764,0.05997897807342521,0.05049153394327225,-0.6360130445371033,-0.00143988480925658,0.0,-0.0014398848092149498,-0.00383969282457764,0.00071994240462829,-0.0011999040076788473,-0.12430700000000017,0.05788700000000002,-0.92559,0.13847299999999985,-0.04811999999999994,-0.9229350000000001,0.26278,0.10600699999999996,0.002654999999999963,0.9966061589575397,0.9666387903503899,double,-0.9229350000000001
959,3.995833,stand,1.592365,0.807421,0.974917,0.02013,-0.000759,-0.620827,-0.03024483917428398,0.20451272203553808,0.0028804608737426,0.18349891049508485,0.23117338794385964,-0.9759806962025374,-0.0007201152184289877,0.0,0.0016802688430148512,-0.0031204992798944792,0.00048007681227710855,-0.0019203072491600678,-0.12418400000000007,0.05703499999999995,-0.9255950000000001,0.13858599999999988,-0.04897000000000007,-0.9229550000000001,0.26276999999999995,0.10600500000000002,0.0026399999999999757,0.9969532032701816,0.9674410928475083,double,-0.9229550000000001
960,4.0,stand,1.592169,0.808029,0.974946,0.019951,-0.00107,-0.619832,-0.047036237101054465,0.14590832733380601,0.006959443244527732,-0.018051032969803475,0.16041509648253133,-0.6133247413977456,-0.0007199424046017234,0.0002399808015427889,-0.0019198464122873594,-0.00431965442761034,-0.0011999040076873012,-0.0011999040076789752,-0.12399099999999996,0.056428000000000034,-0.925632,0.1387640000000001,-0.049583000000000044,-0.922989,0.26275500000000007,0.10601100000000008,0.002643000000000062,0.9965593451455729,0.9658349869587695,double,-0.922989
961,4.004167,stand,1.591949,0.808542,0.975,0.019804,-0.0013,-0.618874,-0.05279577633786825,0.12311015118790715,0.012958963282937596,-0.006299525411345819,0.12076828002865342,-0.5887839216851201,0.0009599232061711556,-0.0004799616030855778,-0.00047996160307059096,-0.004799616030749205,0.0004799616030855778,-0.0019198464122873594,-0.12376699999999996,0.05591299999999999,-0.925688,0.13896399999999987,-0.05009399999999997,-0.923051,0.2627309999999998,0.10600699999999996,0.0026370000000000005,0.9980405649605304,0.9649773691493033,double,-0.923051
962,4.008333,stand,1.591755,0.809083,0.974948,0.019928,-0.001262,-0.61792,-0.046567450792127096,0.1298607777244218,-0.012481997119523287,-0.028929158620416114,-0.060703885615886896,-0.581728789798041,0.0002400384061252039,-0.0002400384061518535,-0.0009601536245807644,-0.004800768122877172,0.0014402304368578219,-0.0031204992798841533,-0.12357200000000002,0.05537099999999995,-0.92564,0.13913799999999998,-0.050629000000000035,-0.923012,0.26271,0.10599999999999998,0.0026279999999999637,0.9983026721527004,0.9638797264552696,double,-0.923012
963,4.0125,stand,1.591635,0.809629,0.974861,0.019906,-0.00104,-0.617041,-0.02879769618433537,0.13102951763860604,-0.020878329733636482,0.08020687254348702,-0.08604876912399624,-0.5341262968447223,0.00023998080151614568,-0.00047996160305893454,0.0007199424046083842,-0.007919366450672245,0.006239500839952652,0.006959443244539389,-0.12345099999999998,0.054822999999999955,-0.92555,0.13922500000000015,-0.051149,-0.9228959999999999,0.26267600000000013,0.10597199999999996,0.002654000000000045,0.9985034567687681,0.9530420350082358,double,-0.9228959999999999
964,4.016667,stand,1.591482,0.810142,0.974786,0.019861,-0.000772,-0.616173,-0.03671706263495433,0.12311015118790715,-0.017998560115176303,0.10244338955477784,-0.09649660257589425,-0.5271759721535417,0.0019198464122890248,-0.0011999040076873012,-0.0004799616030722562,0.0009599232061178691,-0.010079193664530701,-0.00863930885529062,-0.12329000000000012,0.05430499999999994,-0.925477,0.1393819999999999,-0.05170400000000008,-0.922857,0.262672,0.10600900000000002,0.0026199999999999557,0.9961428482677316,0.9516170952341759,double,-0.922857
965,4.020833,stand,1.591302,0.810625,0.974749,0.019997,-0.000822,-0.615296,-0.04320691310611696,0.11593855016803875,-0.008881421027380626,-0.06001991546439167,-0.029945340816998723,-0.5336692499998399,0.0038406144983238765,-0.0012001920307062241,-0.0024003840614490917,-0.006240998559736324,0.006481036965914879,0.006721075372060121,-0.12309400000000004,0.053817000000000004,-0.92545,0.1395360000000001,-0.052160000000000095,-0.922792,0.26263000000000014,0.1059770000000001,0.002658000000000049,0.9921910620515539,0.9547023050643768,double,-0.922792
966,4.025,stand,1.591135,0.811122,0.97474,0.0201,-0.000952,-0.614411,-0.040076793856491544,0.11927045836330369,-0.00215982721380471,-0.07109494511092489,0.009986603277739014,-0.5391195566225118,0.000959923206170951,-0.0026397888169168286,-0.00023998080153607695,-0.002399808015374091,0.0028797696184329233,0.0,-0.1229229999999999,0.05330899999999994,-0.9254420000000001,0.13969300000000007,-0.05264500000000005,-0.922783,0.26261599999999996,0.10595399999999999,0.002659000000000078,0.9953014398349747,0.9671623000752492,double,-0.922783
967,4.029167,stand,1.590983,0.811637,0.97472,0.020085,-0.001002,-0.61357,-0.03647708183343818,0.12359011279099273,-0.004799616030722562,-0.0031412679290275564,0.01493926360284716,-0.5117187233200093,0.00215982721380517,-0.00023998080151614568,0.0002399808015361281,-0.0011999040076873012,0.0,-0.0031197504199679997,-0.12276200000000004,0.05279299999999998,-0.925421,0.13983999999999996,-0.053160000000000096,-0.922776,0.262602,0.10595300000000007,0.0026450000000000085,0.9963561180789287,0.9679790903618902,double,-0.922776
968,4.033333,stand,1.590798,0.812098,0.974662,0.02014,-0.000911,-0.612718,-0.04440710513684983,0.1106577052328301,-0.013922227556410727,0.011925698018238602,-0.059219887628153174,-0.5166788310786298,0.0009601536245543194,-0.002160345655313843,0.0,-0.002160345655287193,0.0026404224676176524,0.0,-0.12257300000000004,0.05232300000000001,-0.925363,0.14001600000000014,-0.053609999999999935,-0.922718,0.2625890000000002,0.10593299999999994,0.0026450000000000085,0.9960598264515175,0.9678640220821015,double,-0.922718
969,4.0375,stand,1.590642,0.812541,0.97464,0.02024,-0.000958,-0.611848,-0.03743700503960934,0.1063114950803915,-0.005279577633808139,-0.045635150596778314,-0.02028929605731183,-0.5276352045221144,0.0019198464122890248,-0.0011999040076873012,0.0002399808015344629,-0.0019198464122890248,0.0007199424046017234,-0.0026397888168940785,-0.12240899999999999,0.051875000000000004,-0.9253399999999999,0.14016400000000018,-0.05404999999999993,-0.9227069999999999,0.26257300000000017,0.10592499999999994,0.0026329999999999965,0.9962055703621595,0.9680990903618983,double,-0.9227069999999999
970,4.041667,stand,1.590484,0.813011,0.974596,0.020216,-0.000894,-0.610988,-0.03791696664263355,0.1127909767218629,-0.010559155267560742,0.03396745291267058,-0.025901104516333727,-0.5210571146055947,0.0016798656107725209,-0.0026397888168901854,-0.0016798656107508733,-0.0014398848092564264,0.00047996160305883225,-0.002639788816893516,-0.12224400000000002,0.05139399999999994,-0.925303,0.14031599999999989,-0.054518000000000066,-0.922674,0.2625599999999999,0.105912,0.0026289999999999925,0.9940810140840827,0.9686349749857939,double,-0.922674
971,4.045833,stand,1.590338,0.813474,0.974568,0.020183,-0.000877,-0.610142,-0.035045607297165396,0.11113778204513391,-0.006721075372066784,0.023498381203527267,-0.005269994651942396,-0.5128036893073955,0.0009601536246076187,-0.0038406144983238765,0.00048007681229048457,-0.002160345655287193,0.0019203072491619383,-0.0009601536245809691,-0.12209399999999992,0.05091499999999993,-0.925273,0.14045299999999994,-0.05497300000000005,-0.92265,0.26254699999999986,0.10588799999999998,0.002623000000000042,0.9933536374916463,0.968693756784924,double,-0.92265
972,4.05,stand,1.5902,0.813934,0.97454,0.020198,-0.000877,-0.609316,-0.03311735061194571,0.11039116870651235,-0.0067194624430115864,0.00010141264170750282,-0.012661489243548119,-0.4999511769710408,0.00215982721380517,-0.00215982721380517,-0.0004799616030722562,0.0002399808015694321,0.0011999040076873012,-0.0011999040076789752,-0.12194700000000003,0.05044599999999999,-0.9252469999999999,0.14059200000000005,-0.05542800000000003,-0.922627,0.2625390000000001,0.10587400000000002,0.0026199999999999557,0.9948467727675296,0.9709436571359953,double,-0.922627
973,4.054167,stand,1.590043,0.814373,0.974503,0.020305,-0.000829,-0.608477,-0.037676985841125485,0.105351571874247,-0.008879289656816758,-0.02080016506577127,-0.05795737786909101,-0.5064400482506638,-0.0002399808015694321,-0.002159827213831814,-0.0009599232061428472,-0.0004799616030855778,0.0023998080153479593,-0.0021598272138234876,-0.1217910000000002,0.04999799999999999,-0.925214,0.14074699999999996,-0.055857000000000046,-0.9225990000000001,0.26253800000000016,0.10585500000000003,0.002614999999999923,0.9960405187838339,0.9684098470087543,double,-0.9225990000000001
974,4.058333,stand,1.589894,0.814787,0.974491,0.02035,-0.000861,-0.607606,-0.035765722515640135,0.09937590014401584,-0.002880460873742293,-0.020330715129606092,-0.009713926731948118,-0.5268556924049577,0.0007201152184822101,-0.0021603456553133823,-0.0004800768122903822,0.000480076812303707,0.0,-0.001440230436869481,-0.12163899999999983,0.049574999999999925,-0.925204,0.1408980000000002,-0.05627100000000007,-0.922593,0.262537,0.105846,0.00261100000000003,0.9961212355117111,0.9713597730355443,double,-0.922593
975,4.0625,stand,1.589796,0.815186,0.974455,0.020375,-0.000861,-0.606808,-0.023518118550500587,0.09575233981280187,-0.008639308855300612,-0.003908506854260937,-0.015336589117092458,-0.4816916169114187,0.0007199424046017234,-0.00215982721380517,-0.0009599232061428472,-0.0002399808015694321,0.00143988480923009,-0.0021598272138234876,-0.12153799999999992,0.04916700000000007,-0.925172,0.14099499999999998,-0.05666399999999994,-0.922566,0.2625329999999999,0.10583100000000001,0.002605999999999997,0.9958820773774442,0.9695952353846695,double,-0.922566
976,4.066667,stand,1.589669,0.815587,0.974393,0.020458,-0.000768,-0.606028,-0.030477561795054963,0.09623230141588746,-0.014878809695226619,0.0009086718122351473,-0.06751365838977902,-0.46923375177279786,0.0007199424046017234,-0.0019198464122890248,-0.0016798656107512315,0.0004799616030855778,0.00023998080151614568,-0.0019198464122873594,-0.12140799999999996,0.04875800000000008,-0.925117,0.14112400000000003,-0.057064000000000004,-0.922512,0.262532,0.10582200000000008,0.0026049999999999685,0.9955822090164039,0.970627616245531,double,-0.922512
977,4.070833,stand,1.589541,0.81601,0.974336,0.020617,-0.000792,-0.605206,-0.03072491598653116,0.10153624579932923,-0.013682189150255906,-0.06188440945266419,-0.04539970056091357,-0.4946474636292663,-0.000960153624607414,-0.003360537686046,-0.0016802688430146721,0.000480076812303707,0.0002400384061518535,-0.002880460873738962,-0.12128400000000017,0.04832099999999995,-0.925067,0.141254,-0.05748600000000004,-0.9224669999999999,0.26253800000000016,0.10580699999999998,0.0026000000000000467,0.9935367681143022,0.9691165964091286,double,-0.9224669999999999
978,4.075,stand,1.589426,0.816387,0.97433,0.020639,-0.000854,-0.604455,-0.02759779217664807,0.09047276217902038,-0.0014398848092034469,-0.021047699883607537,0.009642204318908795,-0.45331417655392914,-0.0016798656107195925,-0.0023998080153479593,-0.0004799616030722562,-0.0004799616030855778,0.00143988480923009,-0.0019198464122873594,-0.12117599999999995,0.04793400000000003,-0.9250630000000001,0.14136700000000002,-0.057856999999999936,-0.922469,0.26254299999999997,0.10579099999999997,0.0025940000000000962,0.9950526690357802,0.9699811107002503,double,-0.922469
979,4.079167,stand,1.589325,0.816769,0.974309,0.020741,-0.000944,-0.603642,-0.024238060955102312,0.09167266618670768,-0.005039596832265351,-0.05935851446584263,-0.0034960103575616577,-0.4894415906874165,-0.0007199424046017234,-0.003359731221492472,-0.0023998080153579504,0.00023998080151614568,0.001199904007660658,-0.0007199424046067191,-0.12107800000000002,0.04753800000000008,-0.925052,0.14146899999999984,-0.05823400000000001,-0.922451,0.26254699999999986,0.10577200000000009,0.0026009999999999645,0.9930148591326557,0.971623757386202,double,-0.922451
980,4.083333,stand,1.589213,0.817128,0.974273,0.020824,-0.000934,-0.602904,-0.026884301488267134,0.08617378780605536,-0.008641382621228723,-0.023657242988079894,-0.03547954738803516,-0.4433579500553214,-0.0033605376860733663,-0.0024003840614657476,0.0007201152184340612,0.00024003840617855429,-0.0004800768122771597,-0.0019203072491602725,-0.12098000000000009,0.047169000000000016,-0.925013,0.1415820000000001,-0.05859499999999995,-0.922423,0.2625620000000002,0.10576399999999997,0.002589999999999981,0.9930131824304865,0.9707768187458299,double,-0.922423
981,4.0875,stand,1.589111,0.817524,0.974169,0.021051,-0.000921,-0.602168,-0.024478041756666527,0.09503239740820654,-0.02495800335972536,-0.07795413326915564,-0.07826653256194245,-0.4409442986781491,-0.0019198464122886156,-0.0028797696184329233,-0.0009599232061426426,0.0009599232061176645,-0.0009599232061443078,-0.002639788816893516,-0.12088600000000005,0.04676099999999994,-0.924913,0.14168800000000004,-0.05899500000000002,-0.92233,0.2625740000000001,0.10575599999999996,0.002583000000000002,0.9940138270749914,0.969222669035751,double,-0.92233
982,4.091667,stand,1.589035,0.817889,0.974128,0.021066,-0.000937,-0.601403,-0.01823854091671909,0.08759299256058684,-0.009839212862961268,-0.00488852830631873,-0.006190328064762963,-0.45966468491583506,-0.0031197504199230396,-0.0023998080153479593,-0.0014398848092151033,0.00023998080151614568,0.00047996160305893454,-0.0021598272138234876,-0.1208229999999999,0.04638600000000004,-0.924878,0.14176499999999992,-0.05935800000000002,-0.922298,0.2625879999999998,0.10574400000000006,0.0025800000000000267,0.9930148591327044,0.9704908493338622,double,-0.922298
983,4.095833,stand,1.588962,0.818234,0.974103,0.0211,-0.000966,-0.600649,-0.017522803648582698,0.08281325012003529,-0.00600096015361107,-0.01602425674293107,-0.00657725884286184,-0.4527932907478788,-0.0028804608737695568,-0.002880460873742907,-0.002160345655305515,0.0012001920307328738,0.0009601536245809691,0.0,-0.12076200000000004,0.04602899999999999,-0.9248620000000001,0.14184299999999994,-0.05969900000000006,-0.922273,0.262605,0.10572800000000004,0.0025890000000000635,0.9923150213184568,0.9715483404394858,double,-0.922273
984,4.1,stand,1.588876,0.818562,0.97407,0.021225,-0.001049,-0.599951,-0.020638348932093695,0.07871370290377008,-0.007919366450698889,-0.06692547083035537,-0.01150745263326756,-0.4187346267200455,-0.003359731221492472,-0.0035997120230352605,-0.0011999040076789752,0.0011999040076873012,-0.00047996160305893454,-0.003359731221502463,-0.12068999999999996,0.045686000000000004,-0.9248339999999999,0.141934,-0.060029,-0.922254,0.26262399999999997,0.105715,0.0025799999999999157,0.9915531909119644,0.9682004799616013,double,-0.922254
985,4.104167,stand,1.588773,0.81887,0.974027,0.021447,-0.001065,-0.599233,-0.02471802255818262,0.07391408687303176,-0.010319174466044648,-0.08476419756041245,-0.06536624960260648,-0.42884772066906013,-0.005039596832264276,-0.0026397888168901854,-0.0007199424046082308,0.00071994240460157,-0.0014398848092297832,-0.0035997120230378235,-0.12060800000000005,0.045367000000000046,-0.924794,0.14203999999999994,-0.060343000000000035,-0.922226,0.262648,0.10571000000000008,0.0025680000000000147,0.990442522081942,0.9677478550815249,double,-0.922226
986,4.108333,stand,1.588715,0.819172,0.973996,0.021587,-0.001142,-0.598524,-0.013922227556384078,0.07249159865579655,-0.007441190590495848,-0.07088578017819522,-0.018260505520030567,-0.42443703154840295,-0.0024003840614124482,-0.0048007681229048456,0.0019203072491602725,0.0019203072491619383,0.00048007681230380936,-0.002400384061450757,-0.12056,0.045045,-0.924755,0.14210599999999984,-0.060643,-0.9222049999999999,0.26266599999999984,0.105688,0.0025500000000000522,0.9904990061713759,0.9693145777737107,double,-0.9222049999999999
987,4.1125,stand,1.58868,0.819468,0.973972,0.021702,-0.001286,-0.597873,-0.008399328053757822,0.07103431725461398,-0.005759539236867074,-0.08092052327753693,0.01530218201722801,-0.3903977621931516,-0.003119750419976326,-0.0026397888168907483,-0.0023998080153596157,0.0011999040076873012,-0.0004799616030855778,-0.0026397888168940785,-0.12053800000000003,0.044738000000000056,-0.9247409999999999,0.14214599999999988,-0.06094100000000002,-0.9221919999999999,0.2626839999999999,0.10567900000000008,0.0025490000000000235,0.9921012648355525,0.9696114124014332,double,-0.9221919999999999
988,4.116667,stand,1.588603,0.819761,0.97393,0.021879,-0.001393,-0.597174,-0.018478521718288524,0.07031437485001227,-0.010079193664504058,-0.09383370162630557,-0.017239322745994483,-0.417904011530815,-0.003119750419976326,-0.002879769618433537,0.0007199424046083842,0.0014398848092034469,0.0035997120230619037,-0.0055195584353259506,-0.12047399999999997,0.044433000000000056,-0.924696,0.14222899999999994,-0.06121899999999991,-0.9221729999999999,0.2627029999999999,0.10565199999999997,0.002523000000000053,0.9928228307955502,0.9635281238920266,double,-0.9221729999999999
989,4.120833,stand,1.588538,0.820043,0.973895,0.022063,-0.001489,-0.596499,-0.015602496399417434,0.06769083053287726,-0.008401344215075025,-0.09358069092304218,-0.02321974253226516,-0.40319869793640345,-0.0031204992798941466,-0.0007201152184289109,-0.001440230436869481,0.0007201152184289109,-0.001200192030732618,-0.002640422467593771,-0.12042200000000003,0.044148000000000076,-0.9246669999999999,0.1422969999999999,-0.06150599999999995,-0.922149,0.2627189999999999,0.10565400000000003,0.002517999999999909,0.9941475680755494,0.9698392432397217,double,-0.922149
990,4.125,stand,1.588467,0.820317,0.97385,0.022265,-0.001583,-0.595832,-0.01703863690903179,0.06575473962083249,-0.010799136069105781,-0.09998542835328021,-0.029047943208286686,-0.3979831286038951,-0.0011999040076873012,-0.002879769618433537,-0.0004799616030722562,0.001679865610772879,-0.0004799616030855778,-0.0021598272138234876,-0.12035600000000013,0.04386200000000007,-0.924624,0.14237499999999992,-0.061782000000000004,-0.922113,0.26273100000000005,0.10564400000000007,0.002511000000000041,0.9947392422854211,0.9702600356360064,double,-0.922113
991,4.129167,stand,1.588407,0.820582,0.973811,0.022483,-0.001666,-0.595144,-0.014398848092194329,0.06359491240702732,-0.009359251259902335,-0.10287100852225489,-0.038097047162313616,-0.4099485474240184,-0.0038396928245780495,-0.0038396928245780495,-0.0004799616030722562,-0.0009599232061178691,-0.0038396928245514063,0.0016798656107512315,-0.12031199999999997,0.04358099999999998,-0.9245869999999999,0.1424310000000002,-0.06206299999999998,-0.922067,0.26274300000000017,0.10564399999999996,0.0025199999999999667,0.9909144734888309,0.9676339841344448,double,-0.922067
992,4.133333,stand,1.588361,0.820833,0.973769,0.022682,-0.001781,-0.594478,-0.011041766682665466,0.060249639942383006,-0.010081613058084702,-0.10487718157514099,-0.02008585052204601,-0.39706617895278246,-0.0019203072491615289,-0.002400384061465236,0.0,0.010801728276486962,0.004080652904448262,-0.007441190590492596,-0.12027399999999999,0.043319999999999914,-0.924545,0.14252200000000004,-0.06229700000000005,-0.922056,0.26279600000000003,0.10561699999999996,0.0024889999999999635,0.9948766808789726,0.9522152905620294,double,-0.922056
993,4.1375,stand,1.588321,0.821183,0.973784,0.022862,-0.001604,-0.593963,-0.009599232061391837,0.08399328053755158,0.0035997120230352605,-0.015285996630450487,-0.12557126526881962,-0.30388299685807385,0.003119750419976326,0.003119750419976326,0.03983681305495896,0.0019198464122890248,-0.0009599232061445124,-0.0009599232061445124,-0.12022100000000013,0.04298299999999999,-0.9243939999999999,0.14256999999999986,-0.06265100000000001,-0.922075,0.262791,0.105634,0.00231899999999996,0.9331993562958985,0.9728911299211491,double,-0.922075
994,4.141667,stand,1.588284,0.821419,0.973781,0.023,-0.001723,-0.59339,-0.0088792896568434,0.056635469162472946,-0.0007199424046017234,-0.08303160750157959,-2.0706495727879788e-05,-0.34180781107082275,-0.019438444924406394,-0.023038156947441654,-0.020158387329014777,-0.0007199424046017234,0.0009599232061445124,-0.0026397888168940785,-0.12026500000000007,0.042650999999999994,-0.924475,0.14260399999999995,-0.06288300000000002,-0.922083,0.262869,0.10553400000000002,0.0023920000000000607,0.9395624657573183,0.971247168237106,double,-0.922083
995,4.145833,stand,1.588238,0.821626,0.973789,0.02317,-0.001722,-0.592787,-0.01104176668266782,0.04968795007200519,0.0019203072491619383,-0.061031207621027414,-0.05583593877925694,-0.35782377199777976,-0.00048007681230380936,0.010081613058086851,0.038166106577055214,-0.00024003840612525507,-0.0038406144983238765,-0.003600576092175303,-0.12022100000000013,0.042486000000000024,-0.924324,0.14264900000000003,-0.063106,-0.922106,0.26287000000000016,0.10559200000000002,0.0022180000000000533,0.9342031517377196,0.9690367953272081,double,-0.922106
996,4.15,stand,1.588224,0.821946,0.973749,0.023417,-0.001712,-0.592253,-0.0033597312214917554,0.0767938564914647,-0.009599232061443077,-0.08873961908098645,-0.08039650126309254,-0.31583470163446686,-0.0031197504199223743,-0.00143988480920314,0.0016798656107508733,0.00023998080151609453,0.0,0.00023998080153607695,-0.12022,0.042160000000000086,-0.924277,0.1426639999999999,-0.06342599999999998,-0.922065,0.2628839999999999,0.10558600000000007,0.0022119999999999918,0.9936255589751459,0.9773143598262878,double,-0.922065
997,4.154167,stand,1.588181,0.822217,0.973701,0.023783,-0.001635,-0.591651,-0.010319174466046847,0.06503479721623076,-0.011519078473707506,-0.11523446188248464,-0.1409252294098812,-0.35434616638886035,-0.005039596832265351,-0.022798176145925508,-0.0333573314134885,-0.010079193664477414,-0.00599952003838322,0.003839692824574719,-0.12019800000000003,0.041794,-0.9243680000000001,0.14266500000000004,-0.06372199999999995,-0.9220010000000001,0.26286300000000007,0.10551599999999994,0.002367000000000008,0.9321385003022551,0.955759820221435,double,-0.9220010000000001
998,4.158333,stand,1.588143,0.822464,0.973683,0.023918,-0.001523,-0.591104,-0.009121459433505882,0.05928948631781488,-0.004320691310627686,-0.016311210503019303,-0.08823119643554721,-0.3229940420832076,0.00600096015361107,0.01560249639942076,0.03144503120499509,-0.0036005760921986214,-0.0026404224675910027,0.00048007681228881896,-0.1201350000000001,0.04161199999999998,-0.924219,0.14268799999999993,-0.06397999999999993,-0.9219809999999999,0.26282300000000003,0.10559199999999991,0.0022380000000000733,0.9406460849334388,0.9701354877044569,double,-0.9219809999999999
999,4.1625,stand,1.588123,0.822723,0.973667,0.024042,-0.001477,-0.590548,-0.004799616030749205,0.06215502759779723,-0.0038396928245780495,-0.03070159926764815,-0.0596580836804906,-0.32915093395175443,-0.0035997120230086173,-0.0014398848092034469,0.0019198464122873594,0.0,0.0,-0.0026397888168940785,-0.12012999999999985,0.04134700000000002,-0.924195,0.14270800000000006,-0.06423899999999994,-0.9219759999999999,0.2628379999999999,0.10558599999999996,0.002219000000000082,0.992789474291176,0.9734103519718432,double,-0.9219759999999999
1000,4.166667,stand,1.588093,0.822937,0.973639,0.024229,-0.001399,-0.590063,-0.007199424046068987,0.0513558915286805,-0.006719462442983511,-0.04659519762264061,-0.08904624849564827,-0.2859428303098586,-0.0016798656107725209,-0.0028797696184329233,0.0016798656107508733,0.009839212862959173,0.004319654427636063,-0.0045596352291804665,-0.12010699999999996,0.04112099999999996,-0.92416,0.142779,-0.06443500000000002,-0.921967,0.26288599999999995,0.10555599999999998,0.0021930000000000005,0.9937779580888924,0.9586149379937594,double,-0.921967
1001,4.170833,stand,1.588065,0.823129,0.973641,0.024321,-0.001366,-0.589547,-0.006721075372040134,0.046087373979833215,0.0004800768122771597,-0.022290677840107714,-0.04509932218612426,-0.30540721654053177,0.0007201152184290645,-0.0019203072491619383,-0.001440230436869788,-0.009361497839631137,-0.0072011521843439435,0.0016802688430150303,-0.12007600000000007,0.040920999999999985,-0.924168,0.142768,-0.06465699999999996,-0.921962,0.2628440000000001,0.10557799999999995,0.0022060000000000413,0.9958232091098936,0.9580571809253213,double,-0.921962
1002,4.175,stand,1.588004,0.823252,0.973615,0.024641,-0.001461,-0.588987,-0.014638828893710475,0.02951763858891045,-0.006239500839926008,-0.14660411123893904,-0.06053209851899304,-0.33052015046278066,-0.0014398848092034469,-0.0019198464122890248,-0.0011999040076806405,-0.0038396928245780495,-0.0011999040076873012,-0.0004799616030722562,-0.12002099999999993,0.04078999999999999,-0.924147,0.14281300000000008,-0.06478499999999998,-0.921938,0.262834,0.10557499999999997,0.0022090000000000165,0.9955282217872647,0.9711577629724981,double,-0.921938
1003,4.179167,stand,1.58798,0.823418,0.973583,0.024838,-0.001528,-0.588461,-0.005759539236867074,0.0398368130549573,-0.007679385649156099,-0.0912267002770131,-0.036199766392238306,-0.31115727799308807,-0.0002399808015694321,-0.00215982721380517,0.0023998080153596157,-0.0004799616030855778,-0.0004799616030855778,-0.0016798656107512315,-0.11999800000000005,0.04061500000000007,-0.924105,0.14283500000000005,-0.06495300000000004,-0.921913,0.2628330000000001,0.1055680000000001,0.0021919999999999717,0.9946041366437902,0.9750603078012552,double,-0.921913
1004,4.183333,stand,1.587919,0.823546,0.973559,0.024985,-0.001566,-0.587971,-0.01464234277481002,0.03072491598655781,-0.005760921747484586,-0.06392907401069069,-0.032886659331504454,-0.28989325375461833,-0.0002400384061252039,-0.0031204992798941466,-0.0007201152184355732,-0.0002400384061252039,-0.0014402304368578219,-0.0016802688430146721,-0.1199380000000001,0.04047400000000001,-0.9240839999999999,0.142895,-0.065087,-0.9218959999999999,0.2628330000000001,0.10556100000000002,0.0021879999999999677,0.9946475083372172,0.9744099589952577,double,-0.9218959999999999
1005,4.1875,stand,1.587847,0.823679,0.973535,0.025015,-0.00143,-0.587595,-0.017278617710601223,0.031917446604285055,-0.005759539236840431,0.029729475355269187,-0.06595453509396454,-0.22129357412432743,0.0007199424046017234,-0.0011999040076873012,-0.0007199424046067191,-0.0007199424046017234,-0.0023998080153479593,-0.0021598272138234876,-0.11986300000000005,0.04033599999999993,-0.9240630000000001,0.1429640000000001,-0.06523000000000001,-0.9218810000000001,0.26282700000000014,0.10556599999999994,0.0021820000000000173,0.9973772344115215,0.9726668215534542,double,-0.9218810000000001
1006,4.191667,stand,1.587787,0.823918,0.973561,0.024942,-0.00133,-0.58701,-0.014398848092141042,0.05735541156707467,0.006239500839926008,0.061264412452920185,-0.025546759737301604,-0.3463570790508235,0.0,-0.0019198464122890248,0.00047996160307059096,-0.002159827213858457,-0.0019198464122890248,-0.0021598272138218222,-0.1198030000000001,0.04008899999999993,-0.924087,0.1430149999999999,-0.06547700000000001,-0.921916,0.262818,0.10556599999999994,0.002171000000000034,0.9967017793571545,0.9722771624756166,double,-0.921916
1007,4.195833,stand,1.587744,0.824112,0.973552,0.024982,-0.001358,-0.586502,-0.010321651464236555,0.04656745079210045,-0.0021603456553133823,-0.019359571242883452,-0.006712252158412182,-0.3010795597790093,-0.0002400384061252039,-0.0021603456552867326,-0.0002400384061435255,0.0,-0.0019203072491615289,-0.0007201152184355732,-0.119761,0.03988600000000009,-0.924079,0.1430579999999999,-0.06567899999999993,-0.92191,0.2628189999999999,0.10556500000000002,0.0021689999999999765,0.9963552434073212,0.9748918515981257,double,-0.92191
1008,4.2,stand,1.587681,0.824287,0.973581,0.025034,-0.001413,-0.585982,-0.015118790496796052,0.04199664026878911,0.006959443244554375,-0.03152998016037762,0.0002533530953103452,-0.30823785735023607,0.0007199424046017234,-0.0019198464122890248,-0.0016798656107512315,-0.0007199424046017234,-0.0011999040076873012,0.0002399808015361281,-0.11969499999999988,0.039703000000000044,-0.924115,0.14311800000000008,-0.065859,-0.921938,0.26281299999999996,0.10556200000000004,0.0021769999999999845,0.9955822090164039,0.975863757386163,double,-0.921938
1009,4.204167,stand,1.587638,0.824469,0.973616,0.02498,-0.001353,-0.5855,-0.01031917446599356,0.043676505879535345,0.008399328053757822,0.04175727980070663,-0.014166292098652255,-0.28540572391725816,0.0009599232061178691,-0.0019198464122890248,0.0009599232061428472,0.0007199424046017234,-0.003119750419976326,-0.003359731221502463,-0.1196480000000002,0.03951300000000002,-0.924146,0.14316399999999985,-0.06605400000000006,-0.921987,0.26281200000000005,0.10556700000000008,0.002159000000000022,0.9960811299211684,0.970674986958708,double,-0.921987
1010,4.208333,stand,1.58759,0.824641,0.973647,0.025007,-0.001269,-0.585033,-0.011521843494971628,0.04128660585692837,0.007441190590495848,0.016834209689788823,-0.04608392602995395,-0.27508249222916364,0.0009601536246076187,-0.00024003840615190468,-0.00048007681229048457,-0.0012001920307328738,-0.0012001920307062241,-0.0007201152184357268,-0.11959600000000004,0.03934000000000004,-0.9241790000000001,0.14320699999999986,-0.06623099999999993,-0.9220210000000001,0.2628029999999999,0.10557099999999997,0.0021579999999999933,0.9981666763901968,0.9753470500288683,double,-0.9220210000000001
1011,4.2125,stand,1.587564,0.824807,0.973656,0.025019,-0.001164,-0.584656,-0.006239500839951322,0.03983681305494881,0.00215982721380471,0.02784951145873543,-0.04891220437882129,-0.22178675393489447,0.0011999040076870456,-0.00047996160305883225,-0.00047996160307048867,0.0004799616030854755,-0.0019198464122886156,-0.0016798656107508733,-0.11956499999999992,0.039172000000000096,-0.92419,0.143235,-0.06640499999999994,-0.922037,0.2627999999999999,0.10557700000000003,0.0021529999999999605,0.9977023587526817,0.9741436845746714,double,-0.922037
1012,4.216667,stand,1.587517,0.82497,0.973599,0.025234,-0.001324,-0.584291,-0.011279097672164716,0.03911687065035557,-0.013678905687539319,-0.1257054248682705,-0.0025859161799742145,-0.2156953063954576,0.0014398848092034469,-0.0009599232061445124,0.0007199424046067191,0.00023998080151614568,-0.0011999040076873012,0.0,-0.11951200000000006,0.03900500000000007,-0.92413,0.14328299999999983,-0.066573,-0.92198,0.2627949999999999,0.10557800000000006,0.0021499999999999853,0.9968761500376492,0.9764605553501284,double,-0.92198
1013,4.220833,stand,1.58749,0.825067,0.973561,0.025318,-0.001665,-0.583949,-0.006481036965914879,0.023283725396068513,-0.009121459433505882,-0.12563646759310726,0.10493048694819306,-0.20541995733358318,0.0019203072491619383,-0.000720115218455714,-0.00024003840614524228,-0.00024003840612525507,-0.0016802688430100335,0.00024003840614524228,-0.11947700000000006,0.03890499999999997,-0.924093,0.1433089999999999,-0.06667699999999999,-0.921941,0.26278599999999996,0.10558199999999995,0.0021520000000000428,0.9965585192562486,0.975622971504036,double,-0.921941
1014,4.225,stand,1.587454,0.825146,0.973562,0.025405,-0.001812,-0.583622,-0.008639308855327255,0.018958483321347457,0.0002399808015427889,-0.07252336195905329,0.028704619632944833,-0.19408629823589205,0.0011999040076873012,-0.00023998080151614568,-0.00047996160307059096,0.0014398848092034469,-0.002879769618433537,-0.0014398848092151033,-0.11943599999999988,0.038825,-0.924096,0.143351,-0.06676800000000005,-0.921948,0.2627869999999999,0.10559300000000005,0.0021480000000000388,0.9978092850271718,0.972641694881734,double,-0.921948
1015,4.229167,stand,1.587416,0.825197,0.973562,0.025959,-0.00159,-0.583168,-0.009119270458357602,0.01223902087830662,0.0,-0.15025163402483235,-0.24746888938896738,-0.2602225782754641,-0.00023998080156938096,-0.00023998080154273774,0.0,0.0004799616030854755,-0.0016798656107458777,-0.0033597312215017465,-0.11939900000000003,0.03877300000000006,-0.924096,0.14339100000000005,-0.06682599999999994,-0.9219620000000001,0.2627900000000001,0.105599,0.0021339999999999693,0.9994343598262171,0.9723486113758679,double,-0.9219620000000001
1016,4.233333,stand,1.587379,0.825273,0.973556,0.02608,-0.001728,-0.582795,-0.008881421027327327,0.018242918867038414,-0.0014402304368847784,-0.08279462700436446,0.015065402832119898,-0.22093041084579623,0.001440230436911428,0.00024003840615190468,-0.00048007681229048457,0.00024003840612525507,-0.002880460873742907,-0.0012001920307245458,-0.11935600000000002,0.03869800000000001,-0.924092,0.1434289999999998,-0.06691400000000003,-0.921961,0.2627849999999998,0.10561200000000004,0.002130999999999994,0.9974383404394302,0.9734738034843934,double,-0.921961
1017,4.2375,stand,1.587338,0.825349,0.973548,0.026158,-0.001903,-0.582389,-0.009839212863014556,0.01823854091671909,-0.0019198464122890248,-0.07608886851843052,0.04108023114143568,-0.24095364279630216,0.0031197504199230396,-0.0011999040076873012,-0.0007199424046083842,0.0,-0.0026397888168907483,0.0007199424046067191,-0.11930200000000002,0.03861700000000001,-0.924087,0.14347,-0.06700099999999998,-0.9219499999999999,0.262772,0.10561799999999999,0.0021370000000000555,0.9943013331538988,0.97406966312656,double,-0.9219499999999999
1018,4.241667,stand,1.587279,0.825426,0.973548,0.026289,-0.002105,-0.581977,-0.01415886729057161,0.018478521718261882,0.0,-0.10427183068564197,0.03671635230393049,-0.24442250688020686,0.0009599232061711556,0.0014398848092034469,0.0,0.0007199424046550099,-0.0019198464122890248,-0.0023998080153579504,-0.1192390000000001,0.03854599999999997,-0.924087,0.143532,-0.06708599999999998,-0.92196,0.2627710000000001,0.10563199999999995,0.00212699999999999,0.9971157897164423,0.9734692422854118,double,-0.92196
1019,4.245833,stand,1.587237,0.825484,0.973571,0.026245,-0.002289,-0.581601,-0.01008161305811135,0.013922227556407759,0.005520883341332733,-0.031224808716508654,0.07907212431184515,-0.2242372290819102,0.0021603456552867326,0.0002400384061518535,0.0002400384061451911,0.0012001920306793186,-0.0038406144983230577,-0.0028804608737406276,-0.11918800000000007,0.038488999999999995,-0.924109,0.1435789999999999,-0.06716,-0.921995,0.262767,0.10564899999999999,0.0021139999999999493,0.996355243407316,0.970612469143841,double,-0.921995
1020,4.25,stand,1.587181,0.82555,0.973568,0.026332,-0.002376,-0.58121,-0.013438924886023173,0.01583873290137113,-0.0007199424046017234,-0.05517617503928117,0.004434825089797789,-0.23090436196234546,0.0009599232061711556,0.0,-0.0007199424046067191,0.0009599232061711556,-0.001679865610746236,0.0009599232061445124,-0.1191279999999999,0.038422999999999985,-0.924109,0.14363900000000007,-0.06723299999999999,-0.921988,0.262767,0.10565599999999997,0.0021209999999999285,0.9980001599871651,0.975190287976947,double,-0.921988
1021,4.254167,stand,1.587115,0.825664,0.973592,0.026354,-0.00227,-0.580905,-0.01583873290134449,0.027357811375078638,0.005759539236867074,0.02338891635140494,-0.05161898062624452,-0.17850922840822775,0.0016798656107195925,0.0,0.0002399808015344629,0.0009599232061178691,-0.0009599232061445124,-0.0011999040076789752,-0.11905500000000013,0.03830900000000004,-0.9241320000000001,0.14370899999999986,-0.06735099999999994,-0.922017,0.262764,0.10565999999999998,0.002115000000000089,0.9971717991313758,0.9758303078012898,double,-0.922017
1022,4.258333,stand,1.587064,0.82575,0.973621,0.026376,-0.002188,-0.580538,-0.012241958713398084,0.02064330292847311,0.006961113778190554,0.017177903128688044,-0.04308914901256075,-0.21506237559417635,0.000960153624607414,-0.0007201152184289109,-0.00120019203072429,0.0007201152184289109,-0.003360537686046,-0.0024003840614502453,-0.119,0.03822000000000003,-0.9241659999999999,0.14376299999999986,-0.06745100000000004,-0.922056,0.26276299999999986,0.10567100000000007,0.0021099999999999453,0.9971711202544736,0.9719131824305394,double,-0.922056
1023,4.2625,stand,1.587009,0.825844,0.973653,0.026399,-0.002071,-0.580176,-0.013198944084507027,0.02255819534438272,0.007679385649156099,0.026490077183662974,-0.056960788122045004,-0.21149931275952089,-0.0014398848092034469,-0.014398848092167685,-0.02975761939044991,0.0014398848092567335,-0.001199904007660658,0.0011999040076789752,-0.1189509999999998,0.03806599999999993,-0.924322,0.14382400000000017,-0.06755,-0.922083,0.262775,0.10561599999999993,0.002238999999999991,0.9448508082452705,0.9739008493338275,double,-0.922083
1024,4.266667,stand,1.586968,0.825937,0.973681,0.026445,-0.001933,-0.579811,-0.009839212862961268,0.02231821454283993,0.0067194624430115864,0.023373647885766544,-0.0716105239963782,-0.21293954062425785,0.00815934725218839,0.014638828893710475,0.026637868970483574,0.0014398848092034469,0.0074394048476133096,-0.013918886489080443,-0.11887599999999998,0.03803400000000001,-0.924239,0.14387100000000008,-0.067612,-0.922169,0.26274700000000006,0.10564600000000002,0.0020700000000000163,0.9475477380466089,0.9528869658729732,double,-0.922169
1025,4.270833,stand,1.586889,0.826008,0.973725,0.026511,-0.001832,-0.579414,-0.018963034085440828,0.01704272683627889,0.010561689870364011,0.005511044580608814,-0.06315681167161949,-0.2320754756210776,-0.003360537686020067,-0.0009601536245809691,0.002640422467594334,-0.00048007681230380936,-0.006481036965914879,0.006000960153624394,-0.118811,0.037959000000000076,-0.924272,0.14394799999999996,-0.06770999999999994,-0.922188,0.26275899999999996,0.10566900000000001,0.0020839999999999748,0.9926995168863564,0.9644172205371339,double,-0.922188
1026,4.275,stand,1.586815,0.826073,0.973729,0.026601,-0.001806,-0.57903,-0.01775857931362973,0.015598752099825018,0.0009599232061443078,-0.02485949826916257,-0.040317610397078235,-0.22481118802719516,0.000959923206170951,-0.00023998080154273774,-0.0009599232061426426,0.0011999040076870456,0.0033597312214917554,-0.009119270458360933,-0.11873299999999998,0.037893000000000066,-0.92428,0.1440269999999999,-0.06776099999999996,-0.92223,0.2627599999999999,0.10565400000000003,0.0020499999999999963,0.9977023587526517,0.9631795410262436,double,-0.92223
1027,4.279167,stand,1.586742,0.826145,0.973723,0.026675,-0.00183,-0.578629,-0.01751859851211737,0.017278617710601223,-0.0014398848092034469,-0.03234615145644738,-0.016544003163535922,-0.23572499169130387,-0.001679865610772879,-0.01247900167987866,-0.02759779217662642,0.0023998080153746024,-0.005039596832238707,-0.004559635229183103,-0.11866700000000008,0.03776899999999994,-0.924389,0.14410999999999996,-0.06785399999999997,-0.922243,0.26277700000000004,0.10562299999999991,0.0021459999999999813,0.949442399065221,0.9665276350550576,double,-0.922243
1028,4.283333,stand,1.586666,0.826215,0.973714,0.026789,-0.001874,-0.578212,-0.018242918867065062,0.016802688430153635,-0.002160345655313843,-0.05347470291935261,-0.020044637634362917,-0.24448628638671638,0.008401344215076817,0.0036005760921719717,-0.008161305808931575,0.00504080652905675,-0.01104176668269447,0.0026404224675959996,-0.11855599999999988,0.037713999999999914,-0.924414,0.1442070000000002,-0.06797000000000009,-0.922223,0.2627630000000001,0.105684,0.002190999999999943,0.9795771339124619,0.9573869290559059,double,-0.922223
1029,4.2875,stand,1.586447,0.826217,0.973682,0.027112,-0.001682,-0.577802,-0.052555795536352104,0.00047996160305893454,-0.007679385649129455,-0.06988835319460562,-0.1703085756510224,-0.23569041197786542,0.007439404847586667,0.009839212862987912,-0.01055915526757798,-0.0011999040076873012,0.006479481641468798,-0.007919366450685566,-0.11830600000000002,0.037753000000000037,-0.9244260000000001,0.14442100000000013,-0.06794500000000003,-0.922224,0.26272700000000015,0.10569800000000007,0.0022020000000000373,0.9729377972577629,0.9608093033087991,double,-0.922224
1030,4.291667,stand,1.586315,0.826276,0.973667,0.027308,-0.001603,-0.577321,-0.03167746580273551,0.01415886729062188,-0.0035997120230611365,-0.05087082287003174,-0.0918138215163584,-0.2797590506279482,0.005279577633833657,0.007679385649154462,-0.00623950083993134,0.0019198464122886156,-0.0035997120230344933,-0.002159827213821362,-0.11815199999999981,0.03772600000000004,-0.924437,0.14456100000000016,-0.06801900000000005,-0.922218,0.262713,0.10574500000000009,0.002218999999999971,0.9813081810326,0.9701164618583876,double,-0.922218
1031,4.295833,stand,1.586243,0.826342,0.973648,0.027419,-0.001561,-0.576823,-0.017282765242404144,0.015842534805572666,-0.004560729716752941,-0.02766691998636381,-0.05401554048840991,-0.29091714029829274,0.00024003840612525507,0.0007201152184290645,-0.0009601536245809691,0.0016802688429833838,-0.00600096015361107,-0.00816130580892991,-0.11807900000000005,0.037663,-0.924422,0.14463999999999988,-0.06811,-0.922233,0.2627189999999999,0.105773,0.0021889999999999965,0.9979600658051025,0.9609958620289798,double,-0.922233
1032,4.3,stand,1.586162,0.826396,0.973647,0.027524,-0.001614,-0.57629,-0.019438444924406394,0.012958963282937596,-0.00023998080151614568,-0.05130747525925529,-0.015595602394038613,-0.31273793351531204,0.0,-0.0023998080153746024,0.003359731221502463,0.0014398848092034469,-0.002159827213831814,-0.004319654427646975,-0.11799800000000005,0.03759899999999994,-0.9244070000000001,0.14472699999999983,-0.06817300000000004,-0.92225,0.2627249999999999,0.10577199999999998,0.0021570000000000755,0.9931186902911271,0.9700306719462419,double,-0.92225
1033,4.304167,stand,1.586082,0.826357,0.973528,0.028067,-0.002162,-0.575665,-0.01919846412289025,-0.009359251259902335,-0.028557715382792583,-0.3593663302615479,0.056053754893516224,-0.36828053114932663,0.0038396928245780495,-0.0009599232061445124,0.035037197024239734,0.002159827213858457,-0.005039596832238707,-0.010079193664507389,-0.11790199999999995,0.037633999999999945,-0.9241419999999999,0.14481600000000006,-0.06815499999999997,-0.9221729999999999,0.262718,0.10578899999999991,0.0019689999999999985,0.9412332797111181,0.9611866769252337,double,-0.9221729999999999
1034,4.308333,stand,1.586016,0.826411,0.973527,0.028098,-0.002199,-0.57517,-0.015842534805542638,0.012962073931826995,-0.0002400384061252039,-0.018225532970606858,-0.0010814006170067182,-0.2905625719515847,-0.01008161305811135,-0.005760921747457937,0.011521843494957513,-0.0043206913106267645,0.00264042246759044,0.025684109457510464,-0.11787800000000015,0.037556000000000034,-0.924093,0.14486399999999988,-0.06819799999999998,-0.922065,0.26274200000000003,0.10575400000000001,0.0020280000000000298,0.9727368778406051,0.936089172377955,double,-0.922065
1035,4.3125,stand,1.585957,0.826463,0.973524,0.028083,-0.002274,-0.574674,-0.014158867290624896,0.012479001679852017,-0.0007199424046283667,-0.010635489813970316,0.026512895843489974,-0.2919984524879469,-0.003359731221492472,-0.014638828893710475,-0.02159827213822988,-0.0035997120230086173,0.012958963282937596,-0.0007199424046083842,-0.11783300000000008,0.037443000000000004,-0.92418,0.14490800000000004,-0.06819599999999992,-0.9220649999999999,0.2627410000000001,0.10563899999999993,0.002115000000000089,0.9561546763985713,0.9564018515312466,double,-0.9220649999999999
1036,4.316667,stand,1.585878,0.826509,0.973527,0.02806,-0.002368,-0.574152,-0.018958483321374103,0.011039116870675214,0.0007199424046283667,-0.012521385587992772,0.03580800505487441,-0.30743463458742637,0.005519558435350929,0.002159827213831814,-0.0055195584353259506,-0.0011999040076873012,-0.002879769618433537,0.0019198464122873594,-0.11773099999999981,0.03740599999999994,-0.9242060000000001,0.14498200000000017,-0.06825400000000004,-0.92206,0.262713,0.10565999999999998,0.0021460000000000923,0.9865014502593962,0.972434753410729,double,-0.92206
1037,4.320833,stand,1.585813,0.826558,0.973533,0.028021,-0.002465,-0.573655,-0.015602496399417434,0.011761881901094376,0.0014402304368578219,-0.007266609485995411,0.04176137131806368,-0.2930603569594969,0.006240998559734994,0.0062409985597616435,-0.008401344215071695,0.0014402304368578219,-0.0016802688430096753,-0.002640422467593771,-0.11763999999999997,0.037382999999999944,-0.9242469999999999,0.1450530000000001,-0.06830999999999998,-0.922077,0.26269300000000007,0.10569299999999993,0.0021699999999998942,0.9796910863394583,0.9725580012424498,double,-0.922077
1038,4.325,stand,1.585734,0.826592,0.973564,0.027949,-0.002612,-0.573122,-0.018958483321320815,0.008159347252215033,0.0074394048476133096,-0.007772041494918757,0.06996873678704217,-0.31472930785062736,0.0038396928245780495,0.008639308855300612,-0.008639308855292285,0.00215982721380517,-0.00143988480923009,-0.005759539236862079,-0.11754500000000001,0.037385,-0.924314,0.14514099999999996,-0.06835000000000002,-0.922132,0.262686,0.10573500000000002,0.0021820000000000173,0.9786550450937774,0.9676508850643273,double,-0.922132
1039,4.329167,stand,1.585653,0.826642,0.973565,0.027916,-0.002665,-0.57263,-0.019438444924406394,0.011999040076793083,0.0002399808015427889,0.0024038749925883217,0.022878526385350626,-0.2890508073068385,0.0019198464122890248,0.0023998080153479593,-0.002639788816895744,0.002159827213858457,-0.008399328053757822,-0.00983921286297126,-0.117456,0.03734499999999996,-0.924326,0.1452310000000001,-0.06843500000000002,-0.922174,0.2626870000000001,0.10577999999999999,0.0021519999999999317,0.9932477629725165,0.9566203672955005,double,-0.922174
1040,4.333333,stand,1.585579,0.826712,0.973559,0.027902,-0.002716,-0.572134,-0.017762842054707954,0.016802688430153635,-0.0014402304368847784,-0.004497572318748667,0.01681793915634685,-0.29119221018022595,0.0007201152184290645,-0.002160345655287193,0.0031204992798848185,0.0026404224675910027,-0.006721075372040134,-0.011761881901105211,-0.11737900000000012,0.03726600000000002,-0.924307,0.145316,-0.06853299999999996,-0.922217,0.2626950000000001,0.10579899999999998,0.0020900000000000363,0.9935615790768981,0.9560971891319325,double,-0.922217
1041,4.3375,stand,1.585502,0.826787,0.973556,0.027933,-0.002776,-0.57161,-0.018478521718284586,0.01799856011519911,-0.00071994240460157,-0.024480447745086738,0.007600401163709077,-0.3068680670353766,-0.0004799616030854755,-0.004079673626119969,0.003119750419967335,0.0023998080153208048,-0.006719462443010154,-0.01055915526757573,-0.11730400000000007,0.03717399999999993,-0.924291,0.14540299999999995,-0.06863600000000003,-0.922258,0.262707,0.10580999999999996,0.0020329999999999515,0.9914030136548094,0.9584302303058236,double,-0.922258
1042,4.341667,stand,1.585408,0.826851,0.973551,0.028021,-0.002807,-0.571121,-0.02255819534438272,0.015358771298285554,-0.001199904007660658,-0.039274285547456204,-0.018946514709612026,-0.28522037559336993,0.0,-0.0023998080153479593,0.0016798656107512315,0.0011999040076873012,-0.007919366450698889,-0.007919366450685566,-0.11721000000000004,0.03710000000000002,-0.9242790000000001,0.14550200000000002,-0.06873300000000004,-0.922286,0.26271200000000006,0.10583300000000007,0.0019930000000000225,0.9951177683322546,0.9612970511115682,double,-0.922286
1043,4.345833,stand,1.585318,0.826941,0.973547,0.02804,-0.002815,-0.570586,-0.02160345655303183,0.02160345655305848,-0.0009601536245809691,-0.005393263517488765,-0.009756936204274907,-0.31278575783164686,0.0,-0.0007201152184290645,0.0012001920307245458,0.00024003840617855429,-0.004560729716752941,-0.0045607297167546065,-0.11712000000000011,0.03700700000000001,-0.92427,0.14559300000000008,-0.06884200000000007,-0.922301,0.2627130000000002,0.10584900000000008,0.0019689999999999985,0.9976672460014278,0.9695528151226207,double,-0.922301
1044,4.35,stand,1.585221,0.827018,0.973538,0.028137,-0.00285,-0.570051,-0.02327813774898444,0.018478521718261882,-0.002159827213831814,-0.04355310374728492,-0.020475438908722898,-0.31214677995547874,0.0,-0.0002399808015427889,0.0,-0.0002399808015694321,-0.0023998080153479593,-0.0016798656107512315,-0.1170230000000001,0.03692899999999999,-0.924261,0.14568899999999996,-0.06892900000000002,-0.922299,0.26271200000000006,0.10585800000000001,0.0019620000000000193,0.9996000319974288,0.9754814124014517,double,-0.922299
1045,4.354167,stand,1.58515,0.827101,0.973524,0.028231,-0.002857,-0.56954,-0.017038636909028158,0.01991840652746108,-0.0033597312215183986,-0.03492015101279564,-0.03034089217487655,-0.297389205485255,-0.00023998080151609453,-0.00023998080154273774,0.0011999040076787195,-0.0011999040076870456,-0.00023998080154273774,-0.0009599232061426426,-0.11695300000000008,0.03684500000000002,-0.9242419999999999,0.14575499999999986,-0.06901299999999999,-0.9222889999999999,0.26270799999999994,0.10585800000000001,0.0019529999999999825,0.997921705294499,0.9778779110877391,double,-0.9222889999999999
1046,4.358333,stand,1.585071,0.827184,0.973511,0.028254,-0.002878,-0.569079,-0.018963034085494126,0.019923187710048446,-0.003120499279868162,-0.011134835064478947,-0.004691062498838917,-0.2690064256424275,0.0019203072491619383,-0.0009601536245809691,-0.0007201152184340612,-0.0009601536245543194,0.0014402304368847784,0.0033605376860300607,-0.11686599999999991,0.03675799999999996,-0.924232,0.14583000000000013,-0.06908999999999998,-0.922262,0.26269600000000004,0.10584799999999994,0.0019700000000000273,0.9962258036757623,0.9739997856664981,double,-0.922262
1047,4.3625,stand,1.585002,0.827276,0.973499,0.028254,-0.002901,-0.568632,-0.01655867530594621,0.02207823374129714,-0.002879769618433537,-0.0026957246770657937,0.0025819521917344584,-0.26129363782943266,0.0038396928245780495,0.0023998080153746024,0.02975761939044991,-0.0009599232061711556,0.0023998080153479593,0.0019198464122856943,-0.11678100000000002,0.03667600000000004,-0.924096,0.14589499999999989,-0.06917200000000001,-0.922242,0.2626759999999999,0.10584800000000005,0.0018540000000000223,0.9498331054466789,0.97609386614471,double,-0.922242
1048,4.366667,stand,1.584899,0.827338,0.973498,0.028264,-0.00292,-0.568202,-0.024718022558187887,0.014878809695226619,-0.0002399808015427889,-0.005702428640788394,-0.0014769361309918021,-0.2509694951316428,-0.011279097672164716,-0.005279577633808139,0.010319174466041851,-0.0009599232061178691,0.0026397888168907483,0.0023998080153596157,-0.11672499999999997,0.03659199999999996,-0.924052,0.14599399999999996,-0.06922300000000003,-0.922231,0.2627189999999999,0.10581499999999999,0.0018209999999999615,0.9730444117342861,0.9756325708670092,double,-0.922231
1049,4.370833,stand,1.584816,0.82741,0.973486,0.028284,-0.002992,-0.567745,-0.0199231877100442,0.017282765242427108,-0.002880460873742293,-0.023916488447244512,0.016329882185942095,-0.2670322261469892,-0.0019203072491615289,-0.002400384061438586,0.00576092174747959,-0.0028804608737689427,0.004080652904474911,0.005520883341334398,-0.11664999999999992,0.03651000000000004,-0.924016,0.1460649999999999,-0.06927799999999995,-0.922196,0.2627149999999998,0.105788,0.0018199999999999328,0.9891170823261899,0.9693915647149098,double,-0.922196
1050,4.375,stand,1.584735,0.827495,0.973479,0.028276,-0.003061,-0.567345,-0.019438444924406394,0.020398368130550903,-0.001679865610746236,-0.012470898071447615,0.023599598443560722,-0.23410527271573964,-0.0004799616030855778,-0.0004799616030855778,-0.0002399808015361281,-0.0014398848092034469,0.001679865610746236,0.0023998080153579504,-0.11657099999999998,0.03642299999999998,-0.92401,0.14613999999999994,-0.06935599999999997,-0.922179,0.2627109999999999,0.10577899999999996,0.001831000000000027,0.9988000959922898,0.976249847008759,double,-0.922179
1051,4.379167,stand,1.584625,0.827558,0.973482,0.028292,-0.003164,-0.566899,-0.026397888168960767,0.015118790496769409,0.0007199424046017234,-0.030856151726773196,0.02982456658955668,-0.26114284379460106,-0.0007199424046017234,0.00143988480923009,0.0002399808015361281,-0.0011999040076873012,0.0002399808015427889,0.0016798656107512315,-0.1164639999999999,0.03636600000000001,-0.924012,0.14624499999999996,-0.06941799999999998,-0.922175,0.26270899999999986,0.10578399999999999,0.0018369999999999775,0.9972872850239305,0.978166175490814,double,-0.922175
1052,4.383333,stand,1.584535,0.827622,0.973454,0.028473,-0.003314,-0.566471,-0.021603456553027225,0.01536245799326558,-0.006721075372038701,-0.10911458539035958,0.003777547963648928,-0.24903577258279996,-0.000480076812303707,0.0,-0.0007201152184355732,-0.0007201152184289109,-0.0002400384061518535,0.0012001920307259555,-0.11637600000000003,0.036302000000000056,-0.923987,0.1463319999999999,-0.06948299999999996,-0.922142,0.26270799999999994,0.10578500000000002,0.0018449999999999855,0.9985575486975924,0.9791831893970653,double,-0.922142
1053,4.3875,stand,1.584707,0.827861,0.973386,0.028338,-0.003301,-0.566033,0.04127669786418739,0.05735541156707467,-0.01631869450445671,0.06038349582667044,0.02509322750359137,-0.2563698748242024,0.00023998080151614568,-0.0026397888168907483,0.0004799616030722562,0.0009599232061711556,-0.0007199424046017234,0.0002399808015344629,-0.11654700000000018,0.036052000000000084,-0.923917,0.14616399999999996,-0.06972499999999993,-0.9220729999999999,0.26271100000000014,0.10577700000000001,0.0018440000000000678,0.995510370306256,0.979520555350105,double,-0.9220729999999999
1054,4.391667,stand,1.584611,0.827937,0.973409,0.028239,-0.00353,-0.565644,-0.023038156947468295,0.018238540916745736,0.005519558435324285,-0.020022903104374944,0.1117333469401449,-0.23017612842910104,-0.0009599232061178691,0.00023998080151614568,0.0004799616030722562,-0.0007199424046017234,-0.00143988480923009,-0.0016798656107512315,-0.11645499999999998,0.035976999999999926,-0.9239379999999999,0.14625700000000008,-0.06980700000000006,-0.922103,0.26271200000000006,0.10578399999999999,0.00183499999999992,0.9981671163527536,0.9777721663407473,double,-0.922103
1055,4.395833,stand,1.584497,0.828007,0.973417,0.028246,-0.003615,-0.565207,-0.027364378300517644,0.016802688430153635,0.0019203072491619383,-0.022525084630204063,0.025297394961295402,-0.2555092642885672,-0.0012001920307328738,-0.0012001920307062241,0.0007201152184340612,0.0012001920307328738,0.0012001920307328738,0.00024003840614524228,-0.11634600000000006,0.03590199999999999,-0.923943,0.14637600000000006,-0.06987200000000005,-0.92211,0.2627220000000001,0.10577400000000003,0.0018329999999999735,0.9969270500288694,0.9788129715040048,double,-0.92211
1056,4.4,stand,1.584192,0.827943,0.973402,0.02856,-0.003677,-0.564822,-0.0731941444684302,-0.015358771298308925,-0.0035997120230344933,-0.13832319126737208,-0.06630394204090537,-0.22100529884530576,0.00023998080151609453,-0.00023998080154273774,-0.0014398848092147965,-0.0011999040076870456,-0.00143988480920314,0.0,-0.11604000000000014,0.035965000000000025,-0.923934,0.14667600000000003,-0.06981399999999993,-0.922095,0.26271600000000017,0.10577899999999996,0.001839000000000035,0.9975344316442851,0.9784861500376416,double,-0.922095
1057,4.404167,stand,1.584014,0.828009,0.973367,0.028802,-0.003605,-0.564354,-0.04271658267339083,0.01583873290137113,-0.008399328053757822,-0.07282113779859407,-0.10107006046295552,-0.26841512675192464,-0.0009599232061178691,-0.0009599232061445124,0.0009599232061445124,-0.0004799616030855778,-0.002159827213831814,-0.0021598272138218222,-0.11586600000000002,0.03589500000000001,-0.923895,0.14685199999999998,-0.06988899999999998,-0.922069,0.262718,0.10578399999999999,0.0018259999999999943,0.9972289403926811,0.9765867727674759,double,-0.922069
1058,4.408333,stand,1.583875,0.828079,0.973353,0.02885,-0.003622,-0.563941,-0.03336533845418201,0.016802688430153635,-0.003360537686020067,-0.02044675723531283,-0.012468487840754402,-0.23986287514511243,0.0012001920307328738,-0.002160345655313843,-0.00024003840614524228,-0.00024003840612525507,-0.00048007681230380936,-0.0019203072491602725,-0.11572199999999988,0.03581599999999996,-0.923882,0.14699000000000018,-0.06996100000000005,-0.9220630000000001,0.26271200000000006,0.10577700000000001,0.001818999999999904,0.9958617056997771,0.9784868187458298,double,-0.9220630000000001
1059,4.4125,stand,1.583772,0.828169,0.973336,0.02884,-0.003654,-0.563553,-0.024718022558187887,0.021598272138238207,-0.004079673626120838,-0.0017053846659158588,0.009549067111794296,-0.22588023758995673,-0.0009599232061711556,0.0002399808015427889,0.0,0.00047996160303229136,-0.0014398848092034469,0.0007199424046067191,-0.11562300000000003,0.03572699999999995,-0.9238649999999999,0.14709499999999998,-0.07005700000000004,-0.922043,0.262718,0.10578399999999999,0.0018219999999999903,0.9983508896785311,0.9789802239821178,double,-0.922043
1060,4.416667,stand,1.583661,0.828248,0.973334,0.028767,-0.003666,-0.563212,-0.026637868970471237,0.018958483321316773,-0.00047996160305883225,0.028348470560537364,0.019366158076179984,-0.1992464163408998,0.0004799616030854755,0.0,0.0019198464122869502,0.0004799616030854755,-0.00071994240460157,-0.00023998080153607695,-0.11551,0.03564800000000001,-0.923855,0.147208,-0.07013899999999995,-0.922042,0.262718,0.10578699999999996,0.0018129999999999535,0.9967017793571519,0.9803734567687448,double,-0.922042
1061,4.420833,stand,1.583582,0.828346,0.973321,0.028715,-0.003648,-0.562883,-0.018963034085440828,0.023523763802220418,-0.003120499279894812,0.028024390154984802,0.001982568244494449,-0.19138162790890748,-0.001440230436858129,-0.0007201152184290645,-0.00024003840614524228,-0.0009601536245543194,0.0007201152184290645,0.0,-0.11543700000000001,0.035546999999999995,-0.923843,0.14728300000000005,-0.07023400000000002,-0.922029,0.26272000000000006,0.10578100000000001,0.0018139999999999823,0.9972866338681905,0.9798596799488319,double,-0.922029
1062,4.425,stand,1.583469,0.828414,0.973315,0.028701,-0.003691,-0.562563,-0.02711783057356249,0.016318694504430065,-0.0014398848092034469,-0.003622287309724456,0.016038191979576177,-0.18638048311099972,0.0,0.0,0.0011999040076789752,-0.0007199424046550099,0.001679865610746236,0.0014398848092167685,-0.11532399999999998,0.03547900000000004,-0.923832,0.14739299999999989,-0.070295,-0.9220170000000001,0.26271699999999987,0.10577400000000003,0.0018149999999999,0.9980001599872017,0.9779721663407395,double,-0.9220170000000001
1063,4.429167,stand,1.583351,0.828504,0.973321,0.02863,-0.003694,-0.562263,-0.028317734581249792,0.021598272138238207,0.0014398848092034469,0.029666279125172265,0.01586098493878596,-0.17502899337193506,0.00023998080151614568,-0.0002399808015427889,0.0009599232061445124,0.0002399808015694321,0.0,-0.0014398848092167685,-0.115205,0.035387999999999975,-0.923834,0.1475120000000001,-0.07038500000000003,-0.922029,0.2627170000000001,0.105773,0.0018050000000000566,0.9983030794787975,0.9795170896206995,double,-0.922029
1064,4.433333,stand,1.583268,0.828597,0.973315,0.028592,-0.003672,-0.561949,-0.0199231877100442,0.022323571771482784,-0.0014402304368578219,0.02339989295375886,-0.0031667554474674457,-0.18211312569779275,0.001200192030732618,0.0,-0.0002400384061451911,-0.000960153624607414,0.0014402304368844713,0.0021603456553050543,-0.11511699999999991,0.035294999999999965,-0.923829,0.14759100000000003,-0.07047199999999998,-0.922014,0.26270799999999994,0.10576699999999994,0.001815000000000011,0.9979600658050791,0.9772362367599845,double,-0.922014
